     0 
    11 
    -2 
    11 
    -3 
    11 
    -4 
    10 
    -5 
    10 
    -6 
     9 
    -6 
     8 
    -7 
     7 
    -7 
     6 
    -8 
     5 
    -8 
     4 
    -8 
     3 
    -7 
     2 
    -7 
     1 
    -6 
     0 
    -5 
     0 
    -4 
     0 
    -3 
    -1 
    -2 
    -1 
    -2 
    -1 
    -1 
    -1 
     0 
    -1 
     0 
     0 
     1 
     0 
     1 
     0 
     1 
     1 
     1 
     2 
     1 
     2 
     1 
     3 
     1 
     3 
     1 
     3 
     0 
     3 
     0 
     3 
    -1 
     3 
    -1 
     3 
    -1 
     3 
    -2 
     3 
    -2 
     2 
    -2 
     2 
    -2 
     1 
    -1 
     1 
    -1 
     0 
    -1 
     0 
     0 
    -1 
     0 
    -1 
     1 
    -1 
     2 
    -1 
     3 
    -1 
     3 
     0 
     4 
     0 
     5 
     1 
     6 
     1 
     6 
     2 
     6 
     3 
     7 
     4 
     7 
     5 
     6 
     6 
     6 
     8 
     5 
     9 
     5 
     9 
     4 
    10 
     3 
    11 
     2 
    11 
     1 
    11 
     0 
    15 
    -3 
    15 
    -5 
    14 
    -7 
    13 
    -9 
    11 
   -10 
     9 
   -10 
     7 
   -11 
     5 
   -10 
     3 
   -10 
     1 
    -9 
     0 
    -7 
    -1 
    -6 
    -2 
    -4 
    -2 
    -3 
    -2 
    -2 
    -2 
     0 
     0 
     1 
     0 
     1 
     1 
     1 
     2 
     1 
     3 
     0 
     3 
    -1 
     4 
    -1 
     4 
    -2 
     3 
    -2 
     3 
    -3 
     3 
    -3 
     2 
    -3 
     1 
    -2 
     0 
    -1 
     0 
    -1 
     0 
     0 
     0 
     0 
     0 
     1 
     0 
     2 
     0 
     2 
     1 
     2 
     2 
     2 
     3 
     2 
     3 
     2 
     4 
     1 
     4 
     0 
     4 
     0 
     3 
    -1 
     3 
    -1 
     2 
    -1 
     1 
    -1 
     0 
     0 
     0 
     1 
    -1 
     2 
    -1 
     3 
    -2 
     5 
    -1 
     6 
    -1 
     8 
     0 
     9 
     2 
     9 
     3 
    10 
     6 
     9 
     8 
     9 
    10 
     8 
    12 
     6 
    13 
     4 
    14 
     2 
    15 
     0 
    19 
    -5 
    18 
    -8 
    17 
   -11 
    14 
   -13 
    11 
   -14 
     7 
   -13 
     4 
   -12 
     1 
   -10 
    -1 
    -8 
    -3 
    -6 
    -3 
    -4 
    -3 
    -2 
    -2 
    -1 
    -1 
     0 
     1 
     0 
     2 
     0 
     4 
    -1 
     4 
    -2 
     4 
    -3 
     4 
    -3 
     3 
    -4 
     2 
    -4 
     1 
    -3 
     0 
    -2 
     0 
    -1 
     0 
     0 
     0 
     1 
     0 
     1 
     1 
     1 
     2 
     1 
     3 
     1 
     3 
     0 
     4 
    -1 
     3 
    -2 
     3 
    -2 
     2 
    -2 
     1 
    -2 
     0 
    -1 
     0 
     1 
    -1 
     2 
     0 
     2 
     0 
     3 
     1 
     3 
     2 
     3 
     3 
     2 
     4 
     1 
     4 
     0 
     4 
     0 
     4 
    -1 
     3 
    -1 
     2 
    -1 
     0 
     1 
    -1 
     2 
    -2 
     5 
    -3 
     7 
    -2 
     9 
     0 
    11 
     2 
    12 
     5 
    13 
     8 
    12 
    12 
    10 
    15 
     7 
    17 
     4 
    19 
     0 
    23 
    -7 
    22 
   -12 
    19 
   -15 
    15 
   -16 
    10 
   -16 
     4 
   -14 
     0 
   -11 
    -3 
    -7 
    -3 
    -4 
    -4 
    -2 
    -2 
     0 
     0 
     0 
     2 
    -1 
     3 
    -2 
     4 
    -4 
     4 
    -4 
     4 
    -5 
     2 
    -4 
     1 
    -3 
     0 
    -2 
    -1 
    -1 
    -1 
     0 
     0 
     1 
     1 
     1 
     3 
     0 
     4 
    -1 
     4 
    -1 
     3 
    -2 
     3 
    -3 
     2 
    -2 
     1 
    -1 
     0 
     0 
     0 
     1 
     0 
     1 
     1 
     2 
     2 
     2 
     3 
     1 
     3 
     0 
     4 
    -1 
     3 
    -1 
     3 
    -2 
     1 
    -1 
     0 
     0 
    -1 
     1 
    -1 
     3 
     0 
     4 
     1 
     4 
     2 
     4 
     4 
     2 
     5 
     1 
     5 
     0 
     4 
    -1 
     2 
    -1 
     0 
     1 
    -2 
     3 
    -3 
     7 
    -3 
    10 
    -2 
    13 
     1 
    15 
     5 
    15 
    10 
    14 
    16 
    10 
    20 
     5 
    23 
     0 
    27 
    -9 
    25 
   -15 
    21 
   -19 
    14 
   -19 
     7 
   -17 
     0 
   -13 
    -3 
    -8 
    -5 
    -3 
    -3 
    -1 
    -1 
     0 
     2 
    -1 
     4 
    -3 
     5 
    -5 
     4 
    -6 
     3 
    -6 
     0 
    -4 
     0 
    -2 
    -1 
    -1 
    -1 
     1 
     0 
     1 
     2 
     0 
     3 
    -1 
     4 
    -2 
     3 
    -3 
     3 
    -3 
     1 
    -2 
     0 
    -1 
     0 
     0 
     0 
     1 
     1 
     1 
     2 
     1 
     3 
     0 
     4 
    -2 
     3 
    -2 
     2 
    -2 
     1 
    -1 
     0 
     0 
    -1 
     1 
     0 
     3 
     1 
     3 
     3 
     2 
     4 
     1 
     4 
    -1 
     3 
    -2 
     2 
    -1 
     1 
     0 
    -1 
     2 
    -1 
     4 
     0 
     5 
     1 
     5 
     3 
     4 
     4 
     2 
     5 
     0 
     4 
    -1 
     2 
     0 
    -1 
     3 
    -3 
     7 
    -4 
    12 
    -3 
    16 
     1 
    18 
     7 
    18 
    15 
    14 
    21 
     7 
    26 
     0 
    31 
   -12 
    28 
   -19 
    21 
   -22 
    12 
   -21 
     3 
   -16 
    -3 
    -9 
    -6 
    -4 
    -5 
     0 
     0 
    -1 
     3 
    -3 
     5 
    -5 
     5 
    -7 
     3 
    -7 
     1 
    -5 
    -1 
    -3 
    -2 
     0 
     0 
     1 
     1 
     0 
     3 
    -1 
     4 
    -3 
     3 
    -4 
     2 
    -4 
     1 
    -2 
    -1 
     0 
     0 
     1 
     1 
     1 
     2 
     0 
     3 
    -1 
     3 
    -2 
     3 
    -3 
     2 
    -2 
     0 
     0 
     0 
     1 
     0 
     2 
     1 
     2 
     3 
     0 
     4 
    -1 
     3 
    -2 
     2 
    -2 
     1 
     0 
     0 
     1 
     0 
     3 
     0 
     3 
     2 
     2 
     4 
     1 
     4 
    -1 
     3 
    -1 
     1 
     0 
     0 
     2 
    -1 
     4 
    -1 
     6 
     1 
     6 
     3 
     4 
     5 
     1 
     5 
     0 
     3 
     0 
     0 
     3 
    -4 
     8 
    -5 
    15 
    -3 
    19 
     3 
    21 
    13 
    18 
    22 
    10 
    29 
     0 
    35 
   -14 
    31 
   -23 
    21 
   -25 
     9 
   -21 
    -1 
   -13 
    -6 
    -5 
    -6 
    -1 
    -2 
     0 
     3 
    -4 
     5 
    -7 
     5 
    -8 
     2 
    -7 
    -1 
    -4 
    -2 
    -1 
    -1 
     0 
     1 
     0 
     4 
    -2 
     4 
    -4 
     3 
    -4 
     1 
    -3 
     0 
    -1 
     0 
     0 
     1 
     1 
     2 
     0 
     3 
    -2 
     4 
    -3 
     2 
    -3 
     1 
    -1 
     0 
     1 
     0 
     1 
     2 
     1 
     3 
     0 
     4 
    -2 
     3 
    -2 
     1 
    -1 
     0 
     0 
     0 
     2 
     0 
     2 
     2 
     1 
     4 
     0 
     3 
    -2 
     2 
    -1 
     0 
     0 
    -1 
     2 
     0 
     4 
     1 
     3 
     3 
     2 
     4 
     0 
     4 
    -1 
     2 
     0 
    -1 
     3 
    -2 
     6 
     0 
     7 
     3 
     5 
     5 
     2 
     6 
     0 
     3 
     0 
    -1 
     4 
    -5 
    12 
    -5 
    19 
     0 
    24 
    10 
    22 
    22 
    13 
    32 
     0 
    39 
   -17 
    33 
   -27 
    21 
   -27 
     6 
   -19 
    -4 
    -9 
    -7 
    -2 
    -3 
     0 
     3 
    -3 
     6 
    -8 
     5 
    -9 
     1 
    -7 
    -2 
    -3 
    -2 
     0 
     0 
     0 
     2 
    -3 
     4 
    -4 
     4 
    -5 
     1 
    -3 
    -1 
    -1 
    -1 
     1 
     1 
     0 
     3 
    -2 
     4 
    -3 
     3 
    -3 
     0 
    -2 
     0 
     0 
     0 
     1 
     2 
     0 
     3 
    -1 
     4 
    -2 
     2 
    -2 
     1 
     0 
     0 
     1 
     0 
     2 
     2 
     1 
     4 
    -1 
     4 
    -2 
     2 
    -1 
     0 
     1 
     0 
     3 
     1 
     2 
     3 
     1 
     4 
    -1 
     3 
    -2 
     1 
     0 
    -1 
     3 
    -1 
     4 
     1 
     4 
     4 
     1 
     5 
    -1 
     3 
    -1 
     0 
     2 
    -2 
     5 
    -1 
     8 
     2 
     7 
     6 
     2 
     6 
    -1 
     3 
     1 
    -3 
     8 
    -6 
    18 
    -4 
    26 
     6 
    26 
    21 
    16 
    35 
     0 
    43 
   -21 
    36 
   -31 
    19 
   -28 
     2 
   -16 
    -7 
    -5 
    -6 
    -1 
     0 
    -3 
     6 
    -7 
     6 
   -10 
     2 
    -7 
    -2 
    -3 
    -3 
     0 
     1 
    -1 
     4 
    -4 
     4 
    -6 
     2 
    -4 
     0 
    -1 
    -1 
     1 
     1 
     0 
     3 
    -2 
     4 
    -4 
     2 
    -3 
     0 
    -1 
    -1 
     1 
     0 
     0 
     3 
    -1 
     4 
    -3 
     2 
    -2 
     1 
    -1 
     0 
     1 
     1 
     1 
     3 
     0 
     4 
    -2 
     3 
    -2 
     1 
     0 
     0 
     2 
     1 
     2 
     3 
     0 
     4 
    -2 
     3 
    -1 
     1 
     0 
     0 
     3 
     0 
     3 
     2 
     1 
     4 
    -1 
     3 
    -1 
     1 
     1 
    -1 
     4 
     0 
     5 
     2 
     3 
     5 
     0 
     4 
    -1 
     1 
     1 
    -2 
     6 
    -2 
     9 
     2 
     6 
     6 
     1 
     6 
    -1 
     1 
     4 
    -6 
    15 
    -7 
    27 
     2 
    29 
    20 
    19 
    37 
     0 
    47 
   -24 
    38 
   -35 
    17 
   -28 
    -2 
   -13 
    -9 
    -2 
    -4 
    -1 
     4 
    -7 
     7 
   -10 
     3 
    -8 
    -2 
    -3 
    -3 
     0 
     1 
    -2 
     4 
    -5 
     4 
    -6 
     1 
    -4 
    -2 
     0 
     0 
     1 
     3 
    -2 
     4 
    -4 
     3 
    -3 
     1 
    -1 
    -1 
     1 
     1 
     0 
     3 
    -2 
     3 
    -3 
     2 
    -2 
     0 
     0 
     0 
     1 
     2 
     0 
     4 
    -2 
     3 
    -2 
     1 
     0 
     0 
     2 
     1 
     1 
     3 
     0 
     4 
    -2 
     2 
    -1 
     0 
     1 
     0 
     2 
     2 
     2 
     4 
    -1 
     3 
    -1 
     1 
     1 
    -1 
     3 
     1 
     3 
     3 
     1 
     4 
    -1 
     2 
     0 
     0 
     3 
    -1 
     5 
     1 
     4 
     4 
     1 
     5 
    -1 
     1 
     2 
    -3 
     8 
    -2 
     9 
     3 
     5 
     7 
     0 
     5 
     1 
    -3 
    12 
    -8 
    26 
    -2 
    33 
    18 
    23 
    39 
     0 
    51 
   -28 
    39 
   -37 
    14 
   -26 
    -6 
    -9 
    -9 
    -1 
     0 
    -4 
     7 
   -10 
     6 
   -10 
    -1 
    -5 
    -4 
     0 
     0 
    -2 
     4 
    -6 
     4 
    -7 
     0 
    -4 
    -2 
     0 
     0 
     0 
     4 
    -3 
     4 
    -4 
     1 
    -3 
    -1 
     1 
     1 
     0 
     3 
    -2 
     4 
    -4 
     2 
    -2 
     0 
     0 
     0 
     1 
     3 
    -1 
     4 
    -3 
     2 
    -2 
     0 
     1 
     0 
     2 
     2 
     0 
     4 
    -2 
     2 
    -1 
     0 
     1 
     0 
     2 
     2 
     0 
     4 
    -2 
     3 
    -1 
     0 
     2 
     0 
     3 
     2 
     2 
     4 
    -1 
     3 
    -1 
     1 
     2 
    -1 
     4 
     1 
     3 
     4 
     0 
     4 
    -1 
     0 
     3 
    -2 
     5 
     1 
     5 
     5 
     0 
     5 
    -1 
     0 
     4 
    -3 
     9 
     0 
     9 
     6 
     3 
     8 
    -1 
     1 
     8 
    -8 
    25 
    -6 
    35 
    15 
    27 
    40 
     0 
    55 
   -32 
    40 
   -40 
    10 
   -24 
    -9 
    -5 
    -7 
    -1 
     4 
    -8 
     8 
   -12 
     2 
    -7 
    -3 
    -1 
    -2 
    -1 
     4 
    -6 
     5 
    -7 
     1 
    -4 
    -2 
     0 
     0 
    -1 
     4 
    -4 
     4 
    -4 
     0 
    -1 
    -1 
     0 
     2 
    -1 
     4 
    -4 
     2 
    -3 
     0 
     0 
     0 
     1 
     3 
    -2 
     4 
    -3 
     2 
    -1 
     0 
     1 
     1 
     1 
     3 
    -2 
     3 
    -2 
     1 
     0 
     0 
     2 
     1 
     1 
     3 
    -1 
     3 
    -2 
     0 
     1 
     0 
     2 
     2 
     1 
     4 
    -1 
     3 
    -1 
     0 
     2 
     0 
     3 
     3 
     0 
     4 
    -1 
     2 
     1 
    -1 
     4 
     0 
     4 
     4 
     0 
     4 
    -1 
     1 
     2 
    -2 
     6 
     1 
     4 
     5 
     0 
     4 
     0 
    -1 
     7 
    -3 
    11 
     2 
     7 
     9 
     0 
     5 
     4 
    -7 
    22 
    -9 
    38 
    11 
    30 
    41 
     0 
    59 
   -36 
    41 
   -41 
     7 
   -21 
   -11 
    -2 
    -4 
    -3 
     7 
   -12 
     6 
   -12 
    -2 
    -3 
    -3 
     0 
     2 
    -5 
     6 
    -8 
     1 
    -4 
    -2 
     0 
     0 
    -2 
     4 
    -5 
     3 
    -4 
     0 
     0 
    -1 
     1 
     3 
    -3 
     4 
    -4 
     1 
    -1 
    -1 
     1 
     1 
    -1 
     4 
    -3 
     3 
    -2 
     0 
     1 
     0 
     1 
     3 
    -2 
     3 
    -2 
     1 
     0 
    -1 
     2 
     2 
     0 
     4 
    -2 
     2 
    -1 
     0 
     2 
     1 
     1 
     3 
    -1 
     3 
    -1 
     0 
     1 
     0 
     3 
     3 
     0 
     4 
    -1 
     2 
     1 
    -1 
     3 
     1 
     2 
     4 
    -1 
     3 
     0 
    -1 
     4 
     0 
     4 
     3 
     1 
     4 
    -1 
     0 
     3 
    -2 
     7 
     2 
     4 
     6 
     0 
     3 
     3 
    -3 
    10 
    -2 
    11 
     7 
     2 
     8 
     1 
    -4 
    19 
   -11 
    40 
     7 
    34 
    42 
     0 
    63 
   -40 
    41 
   -42 
     3 
   -17 
   -13 
     0 
     0 
    -7 
     9 
   -14 
     3 
    -8 
    -4 
     0 
     0 
    -3 
     5 
    -8 
     3 
    -6 
    -2 
     0 
     0 
    -1 
     4 
    -6 
     3 
    -5 
    -1 
     0 
     0 
     0 
     3 
    -3 
     4 
    -4 
     0 
     0 
     0 
     1 
     3 
    -2 
     3 
    -3 
     1 
     0 
     0 
     1 
     2 
    -1 
     4 
    -3 
     1 
     0 
     0 
     2 
     2 
    -1 
     3 
    -2 
     2 
     0 
     0 
     2 
     1 
     0 
     4 
    -2 
     2 
     0 
     0 
     2 
     1 
     1 
     4 
    -2 
     2 
     0 
     0 
     3 
     1 
     2 
     4 
    -1 
     3 
     0 
     0 
     3 
     0 
     3 
     3 
    -1 
     3 
     0 
     0 
     4 
    -1 
     5 
     4 
     0 
     4 
     0 
     0 
     5 
    -1 
     7 
     3 
     2 
     6 
     0 
     0 
     7 
    -4 
    13 
     4 
     6 
    10 
     0 
     0 
    15 
   -12 
    40 
     3 
    38 
    42 
     0 
    67 
   -44 
    41 
   -42 
    -1 
   -13 
   -13 
     0 
     4 
   -11 
     9 
   -14 
    -1 
    -4 
    -4 
     0 
     4 
    -7 
     5 
    -8 
    -1 
    -2 
    -2 
     0 
     4 
    -5 
     4 
    -6 
     0 
    -1 
    -1 
     0 
     4 
    -4 
     3 
    -3 
     0 
     0 
     0 
     0 
     4 
    -3 
     3 
    -2 
     0 
     1 
     1 
     0 
     4 
    -3 
     2 
    -1 
     0 
     1 
     1 
     0 
     4 
    -2 
     2 
    -1 
     0 
     2 
     2 
     0 
     4 
    -2 
     1 
     0 
     0 
     2 
     2 
     0 
     4 
    -2 
     1 
     1 
     0 
     2 
     2 
     0 
     4 
    -1 
     1 
     2 
     0 
     3 
     3 
     0 
     4 
    -1 
     0 
     3 
     0 
     3 
     3 
     0 
     4 
     0 
    -1 
     5 
     0 
     4 
     4 
     0 
     4 
     1 
    -1 
     7 
     0 
     6 
     6 
     0 
     4 
     3 
    -4 
    13 
     0 
    10 
    10 
     0 
     4 
    11 
   -12 
    40 
     0 
    42 
    42 
     0 
    71 
   -48 
    41 
   -41 
    -5 
    -9 
   -12 
    -2 
     7 
   -14 
     7 
   -12 
    -4 
    -1 
    -2 
    -3 
     6 
    -9 
     2 
    -5 
    -3 
     0 
     1 
    -4 
     5 
    -7 
     0 
    -2 
    -1 
    -1 
     3 
    -4 
     4 
    -4 
    -1 
     0 
     0 
    -1 
     4 
    -4 
     2 
    -2 
    -1 
     1 
     2 
    -2 
     4 
    -3 
     1 
     0 
     0 
     1 
     3 
    -2 
     3 
    -2 
     0 
     1 
     0 
     0 
     4 
    -2 
     2 
     0 
     0 
     2 
     2 
    -1 
     3 
    -2 
     1 
     1 
     0 
     1 
     3 
    -1 
     3 
    -1 
     0 
     3 
     1 
     1 
     4 
    -1 
     2 
     1 
     0 
     3 
     2 
     0 
     4 
    -1 
     0 
     3 
    -1 
     4 
     4 
    -1 
     3 
     1 
    -1 
     5 
     1 
     3 
     5 
    -1 
     2 
     4 
    -3 
     9 
     3 
     2 
     7 
     0 
    -2 
    11 
    -4 
    13 
     8 
     1 
     7 
     7 
   -11 
    40 
    -4 
    46 
    42 
     0 
    78 
   -56 
    39 
   -38 
   -12 
    -2 
    -7 
    -8 
    13 
   -19 
     1 
    -5 
    -7 
     0 
     6 
   -11 
     6 
    -8 
    -6 
     3 
     0 
    -5 
     8 
   -10 
     0 
     0 
    -4 
     1 
     6 
    -8 
     5 
    -4 
    -4 
     4 
     1 
    -2 
     7 
    -7 
     0 
     1 
    -3 
     3 
     6 
    -6 
     5 
    -3 
    -4 
     5 
     1 
    -2 
     7 
    -6 
     0 
     2 
    -3 
     4 
     5 
    -5 
     5 
    -3 
    -3 
     5 
     0 
     0 
     7 
    -6 
     0 
     2 
    -3 
     4 
     5 
    -4 
     5 
    -3 
    -4 
     6 
     0 
     0 
     7 
    -5 
     1 
     3 
    -4 
     6 
     5 
    -3 
     6 
    -2 
    -3 
     7 
     0 
     2 
     8 
    -4 
     1 
     4 
    -4 
     7 
     5 
    -2 
     6 
    -1 
    -4 
     9 
     0 
     3 
     9 
    -4 
     0 
     7 
    -5 
    10 
     7 
    -2 
     6 
     4 
    -7 
    18 
     1 
     7 
    13 
     1 
    -6 
    36 
   -12 
    54 
    40 
     0 
    83 
   -60 
    38 
   -36 
   -16 
     1 
    -4 
   -12 
    14 
   -19 
    -4 
     0 
    -6 
    -2 
    10 
   -15 
     3 
    -4 
    -7 
     3 
     5 
   -10 
     7 
    -8 
    -5 
     3 
    -1 
    -3 
     8 
    -9 
     0 
     1 
    -4 
     2 
     6 
    -6 
     4 
    -3 
    -3 
     3 
     1 
    -3 
     6 
    -5 
     0 
     1 
    -1 
     1 
     4 
    -4 
     2 
    -1 
    -1 
     1 
     2 
    -1 
     3 
    -2 
     1 
     0 
     1 
     0 
     2 
     0 
     2 
    -1 
     2 
    -1 
     1 
     1 
     1 
     1 
     3 
    -2 
     2 
     1 
    -1 
     3 
     3 
    -1 
     5 
    -2 
    -1 
     4 
     0 
     2 
     6 
    -4 
     1 
     3 
    -3 
     6 
     5 
    -3 
     5 
    -1 
    -4 
     8 
     0 
     2 
     8 
    -5 
    -1 
     7 
    -5 
     8 
     8 
    -4 
     5 
     3 
    -7 
    14 
     3 
     1 
    10 
    -1 
    -6 
    18 
    -4 
    11 
    15 
    -2 
    -3 
    34 
   -15 
    59 
    39 
     0 
    81 
   -59 
    38 
   -36 
   -15 
     0 
    -5 
   -11 
    14 
   -19 
    -3 
    -2 
    -6 
    -2 
     9 
   -13 
     4 
    -5 
    -7 
     3 
     3 
    -8 
     7 
    -9 
    -4 
     2 
    -2 
    -2 
     7 
    -9 
     1 
    -1 
    -4 
     2 
     4 
    -5 
     5 
    -5 
    -2 
     2 
     0 
    -1 
     6 
    -5 
     2 
    -1 
    -2 
     2 
     3 
    -3 
     4 
    -3 
     0 
     1 
     0 
     0 
     4 
    -3 
     2 
    -1 
     0 
     2 
     1 
     0 
     4 
    -2 
     1 
     0 
     0 
     2 
     2 
    -1 
     4 
    -2 
     0 
     2 
     0 
     2 
     4 
    -2 
     3 
     0 
    -2 
     4 
     2 
     0 
     6 
    -3 
     0 
     4 
    -2 
     4 
     5 
    -3 
     4 
     0 
    -4 
     7 
     2 
     1 
     8 
    -4 
    -2 
     7 
    -3 
     7 
     8 
    -4 
     4 
     4 
    -6 
    12 
     4 
     0 
     9 
     0 
    -6 
    18 
    -2 
    10 
    14 
    -1 
    -4 
    35 
   -14 
    57 
    40 
     0 
    86 
   -63 
    36 
   -32 
   -18 
     1 
     0 
   -16 
    13 
   -15 
    -6 
     0 
    -2 
    -6 
     8 
   -11 
     0 
    -3 
    -2 
    -2 
     4 
    -6 
     3 
    -6 
     0 
    -2 
    -1 
    -1 
     3 
    -6 
     4 
    -5 
    -2 
     3 
     0 
    -2 
     7 
    -7 
     0 
     2 
    -3 
     2 
     7 
    -7 
     3 
    -1 
    -4 
     4 
     4 
    -5 
     6 
    -3 
    -3 
     3 
     1 
    -1 
     5 
    -3 
     0 
     1 
     0 
     0 
     2 
     0 
     1 
     0 
     2 
    -2 
     1 
     3 
     0 
     1 
     5 
    -4 
     1 
     3 
    -3 
     4 
     6 
    -5 
     4 
     0 
    -4 
     7 
     4 
    -3 
     7 
    -3 
    -3 
     7 
     0 
     2 
     7 
    -4 
     0 
     4 
    -2 
     5 
     4 
     0 
     4 
     1 
     0 
     5 
     0 
     5 
     4 
     1 
     4 
     2 
    -2 
    10 
     0 
     5 
     9 
    -1 
    -1 
    14 
    -6 
    15 
    13 
    -2 
     1 
    31 
   -17 
    62 
    37 
     0 
    95 
   -71 
    32 
   -24 
   -22 
    -1 
     9 
   -22 
     7 
    -7 
    -9 
    -2 
     6 
   -12 
     2 
    -3 
    -2 
    -6 
     5 
    -6 
    -3 
     1 
     3 
    -9 
     6 
    -6 
    -7 
     6 
     4 
   -10 
     9 
    -7 
    -9 
     9 
     2 
    -7 
    12 
    -8 
    -7 
     8 
    -1 
    -3 
    10 
    -7 
    -2 
     3 
    -1 
    -1 
     5 
    -3 
     1 
     0 
     2 
    -2 
     1 
     1 
     1 
    -1 
     5 
    -3 
    -1 
     4 
     0 
     0 
     6 
    -4 
     0 
     3 
    -1 
     1 
     5 
    -2 
     1 
     1 
     1 
     0 
     1 
     2 
     1 
     0 
     6 
    -4 
    -1 
     6 
    -2 
     2 
    10 
    -8 
    -1 
     7 
    -6 
     6 
    11 
   -10 
     2 
     6 
    -9 
     9 
    10 
    -8 
     5 
     4 
    -7 
     8 
     7 
    -3 
     3 
     5 
    -3 
     5 
     5 
     2 
    -2 
    11 
     3 
     1 
     7 
     6 
    -8 
    21 
     7 
    -1 
    10 
    23 
   -21 
    69 
    33 
     0 
    97 
   -72 
    30 
   -22 
   -22 
    -2 
    10 
   -23 
     5 
    -5 
    -8 
    -4 
     7 
   -11 
     0 
    -2 
     0 
    -8 
     4 
    -4 
    -4 
     1 
     5 
   -12 
     5 
    -3 
    -8 
     5 
     7 
   -11 
     7 
    -4 
    -8 
     7 
     4 
    -7 
     8 
    -6 
    -5 
     4 
     0 
    -2 
     7 
    -6 
     1 
     0 
    -2 
     2 
     3 
    -3 
     4 
    -3 
    -1 
     2 
     0 
    -1 
     5 
    -3 
     1 
     0 
     0 
     1 
     2 
     0 
     2 
    -1 
     2 
    -1 
     0 
     2 
     1 
     0 
     5 
    -3 
     0 
     2 
    -1 
     2 
     4 
    -3 
     4 
     0 
    -2 
     5 
     1 
     1 
     7 
    -5 
     0 
     5 
    -4 
     6 
     8 
    -7 
     4 
     3 
    -8 
    10 
     7 
    -7 
     7 
     1 
    -8 
    10 
     5 
    -3 
     6 
     3 
    -4 
     7 
     5 
     1 
     0 
    10 
     0 
     3 
     8 
     4 
    -7 
    22 
     5 
     0 
    12 
    21 
   -21 
    71 
    31 
     0 
    98 
   -72 
    30 
   -22 
   -22 
    -2 
    11 
   -23 
     4 
    -5 
    -7 
    -4 
     7 
   -10 
     0 
    -2 
     1 
    -8 
     3 
    -4 
    -4 
     1 
     6 
   -11 
     4 
    -3 
    -7 
     4 
     6 
   -10 
     6 
    -4 
    -7 
     6 
     3 
    -5 
     9 
    -7 
    -4 
     5 
    -1 
    -1 
     8 
    -7 
     0 
     1 
    -3 
     2 
     5 
    -4 
     3 
    -2 
     0 
     1 
     1 
     0 
     3 
    -2 
     3 
    -2 
     0 
     2 
     1 
     0 
     4 
    -2 
     1 
     1 
     0 
     1 
     3 
     0 
     3 
    -1 
     1 
     1 
    -1 
     3 
     3 
    -2 
     5 
    -2 
    -3 
     6 
     0 
     0 
     8 
    -6 
    -1 
     6 
    -4 
     5 
     9 
    -7 
     2 
     4 
    -7 
     9 
     7 
    -5 
     6 
     1 
    -7 
    10 
     4 
    -2 
     6 
     2 
    -4 
     7 
     4 
     1 
     1 
     9 
     0 
     3 
     8 
     4 
    -6 
    22 
     4 
     1 
    12 
    20 
   -21 
    71 
    31 
     0 
   102 
   -75 
    26 
   -18 
   -21 
    -6 
    13 
   -21 
     0 
    -4 
    -3 
    -8 
     4 
    -6 
    -1 
    -5 
     4 
    -8 
    -1 
    -1 
     0 
    -3 
     4 
    -7 
     2 
    -5 
    -3 
     3 
     1 
    -7 
     9 
    -9 
    -7 
    10 
     0 
    -7 
    13 
    -9 
    -8 
     9 
     1 
    -5 
     9 
    -4 
    -4 
     2 
     2 
    -2 
     2 
     1 
     3 
    -5 
     2 
     2 
    -3 
     1 
     7 
    -6 
     0 
     3 
    -1 
    -1 
     5 
     0 
    -1 
     0 
     4 
    -4 
    -1 
     5 
     0 
    -2 
     7 
    -3 
    -3 
     5 
     2 
    -2 
     3 
     1 
     2 
    -2 
     2 
     4 
    -3 
     5 
     9 
   -10 
     1 
     8 
    -8 
     6 
    13 
   -11 
     0 
     8 
    -7 
     6 
    10 
    -5 
     2 
     3 
    -3 
     6 
     3 
     2 
     5 
     0 
     0 
     7 
     0 
     4 
     4 
     5 
     0 
     7 
     5 
     3 
    -2 
    20 
     1 
     5 
    13 
    16 
   -20 
    74 
    28 
     0 
   111 
   -80 
    20 
   -10 
   -18 
   -14 
    15 
   -16 
    -7 
    -4 
     5 
   -12 
    -2 
     1 
     2 
   -13 
     6 
    -3 
    -6 
    -2 
     7 
    -7 
    -2 
     0 
     5 
   -12 
    -2 
     9 
    -3 
    -8 
    16 
   -11 
   -13 
    15 
     3 
   -13 
    13 
    -5 
   -11 
     7 
     6 
    -6 
     4 
    -1 
     0 
    -3 
     1 
     2 
     0 
    -2 
     7 
    -5 
    -2 
     4 
     0 
    -2 
     5 
    -2 
     0 
     0 
     1 
     1 
     2 
     0 
     3 
    -1 
     2 
    -1 
     1 
     2 
     0 
     1 
     5 
    -4 
     0 
     4 
    -2 
     1 
     7 
    -3 
     0 
     2 
     1 
     0 
     0 
     6 
     4 
    -8 
     6 
     4 
   -11 
    12 
    14 
   -16 
     3 
    11 
   -13 
     7 
    16 
   -10 
    -3 
    10 
    -2 
    -1 
     6 
     6 
    -2 
     1 
     7 
     1 
    -6 
    12 
     6 
    -2 
     3 
    11 
    -2 
     3 
     6 
    15 
    -6 
    13 
    16 
     8 
   -18 
    78 
    21 
     0 
   112 
   -81 
    18 
    -9 
   -17 
   -15 
    15 
   -14 
    -7 
    -6 
     6 
   -12 
    -4 
     1 
     4 
   -14 
     4 
    -1 
    -5 
    -4 
     7 
    -5 
    -3 
    -2 
     7 
   -11 
    -4 
     9 
    -2 
    -9 
    14 
    -9 
   -12 
    13 
     4 
   -11 
    12 
    -6 
    -9 
     7 
     3 
    -5 
     6 
    -3 
    -1 
    -1 
     1 
     1 
     1 
    -1 
     5 
    -5 
     0 
     3 
    -2 
     1 
     7 
    -5 
     0 
     2 
    -1 
     0 
     4 
     0 
     0 
     0 
     4 
    -3 
     0 
     4 
     0 
    -1 
     7 
    -3 
    -2 
     4 
     0 
     0 
     5 
    -1 
     1 
     0 
     1 
     2 
    -1 
     4 
     6 
    -8 
     3 
     4 
    -9 
    10 
    12 
   -14 
     4 
     9 
   -12 
     8 
    15 
   -10 
    -1 
    10 
    -4 
     0 
     7 
     4 
    -2 
     3 
     7 
     0 
    -5 
    13 
     5 
    -2 
     4 
    11 
    -3 
     5 
     6 
    13 
    -6 
    14 
    16 
     7 
   -17 
    79 
    19 
     0 
   112 
   -80 
    19 
    -9 
   -17 
   -15 
    14 
   -14 
    -6 
    -6 
     5 
   -11 
    -3 
     0 
     4 
   -12 
     4 
    -2 
    -4 
    -4 
     6 
    -5 
    -1 
    -3 
     5 
   -10 
    -3 
     7 
    -2 
    -7 
    14 
   -11 
   -11 
    14 
     1 
   -11 
    15 
    -7 
   -12 
     9 
     5 
    -8 
     6 
     0 
    -2 
    -3 
     3 
     2 
    -2 
    -1 
     8 
    -7 
    -3 
     5 
     0 
    -3 
     6 
    -1 
     0 
    -1 
     2 
     1 
     1 
     0 
     4 
    -1 
     1 
     0 
     2 
     1 
    -1 
     2 
     6 
    -6 
     0 
     6 
    -3 
     0 
     8 
    -2 
    -2 
     3 
     3 
    -1 
    -2 
     7 
     6 
   -10 
     5 
     6 
   -12 
    10 
    15 
   -15 
     1 
    11 
   -11 
     6 
    14 
    -8 
    -1 
     8 
    -3 
     1 
     6 
     4 
     0 
     3 
     6 
     2 
    -4 
    11 
     4 
    -1 
     4 
    10 
    -3 
     5 
     6 
    13 
    -6 
    14 
    15 
     7 
   -16 
    79 
    19 
     0 
   121 
   -83 
    11 
    -4 
   -10 
   -22 
     9 
    -6 
    -3 
   -14 
     5 
    -3 
    -6 
    -7 
     8 
    -8 
    -3 
    -5 
     3 
    -3 
    -2 
    -3 
     6 
    -7 
    -1 
    -4 
     2 
     0 
    -4 
     0 
    14 
   -18 
    -9 
    20 
    -2 
   -15 
    20 
    -4 
   -18 
     8 
    11 
    -9 
     0 
     3 
     3 
    -7 
    -1 
     7 
     1 
    -6 
     7 
    -2 
    -3 
     0 
     1 
     2 
     3 
    -5 
     3 
     2 
    -3 
     0 
     5 
     0 
    -1 
     0 
     5 
    -2 
    -2 
     5 
     3 
    -2 
     3 
    -1 
     1 
     0 
    -3 
     5 
     7 
    -7 
     1 
     6 
    -1 
    -3 
     3 
     9 
     0 
    -9 
    11 
     3 
   -18 
    14 
    20 
   -20 
    -3 
    17 
    -9 
    -1 
    14 
    -1 
    -4 
     2 
     2 
     6 
    -1 
     2 
     7 
     2 
    -2 
     4 
     3 
     7 
    -3 
     5 
     9 
     2 
    -6 
    14 
     6 
     5 
    -3 
    21 
    10 
     2 
    -9 
    81 
    11 
     0 
   127 
   -84 
     5 
    -1 
    -5 
   -26 
     4 
    -2 
     1 
   -20 
     2 
     3 
    -4 
   -12 
     8 
    -2 
    -3 
   -10 
     5 
     1 
    -5 
    -7 
    10 
    -4 
    -6 
    -6 
     7 
     1 
   -10 
     0 
    19 
   -19 
   -14 
    22 
     2 
   -18 
    16 
    -1 
   -14 
     5 
     8 
    -5 
     2 
    -2 
     2 
    -2 
    -1 
     2 
     1 
    -2 
     5 
    -5 
    -1 
     4 
    -1 
    -1 
     7 
    -3 
     0 
     0 
     1 
     1 
     1 
     0 
     4 
    -1 
     1 
    -1 
     2 
     2 
    -1 
     0 
     7 
    -5 
    -1 
     4 
    -1 
     1 
     5 
    -2 
     2 
     2 
    -1 
     1 
     2 
     4 
     2 
    -5 
     8 
     0 
   -14 
    17 
    16 
   -22 
     2 
    18 
   -14 
    -1 
    19 
    -2 
    -9 
     4 
     7 
     3 
    -5 
     6 
    11 
    -3 
    -5 
     9 
     5 
     1 
    -3 
    11 
     8 
    -4 
    -4 
    19 
     3 
     1 
     1 
    24 
     6 
     0 
    -4 
    83 
     5 
     0 
   127 
   -84 
     4 
    -2 
    -4 
   -25 
     4 
    -2 
     1 
   -20 
     2 
     3 
    -3 
   -13 
     7 
    -2 
    -2 
   -10 
     4 
     2 
    -4 
    -7 
     9 
    -3 
    -5 
    -7 
     6 
     2 
    -9 
    -2 
    18 
   -17 
   -13 
    20 
     2 
   -16 
    16 
    -3 
   -15 
     6 
     8 
    -7 
     2 
     0 
     2 
    -4 
     0 
     4 
     0 
    -3 
     6 
    -4 
    -2 
     2 
     1 
     0 
     5 
    -4 
     1 
     1 
    -1 
     0 
     3 
     0 
     1 
    -1 
     3 
    -2 
    -1 
     3 
     2 
    -1 
     5 
    -3 
     1 
     3 
    -2 
     2 
     6 
    -4 
     1 
     4 
     0 
    -1 
     2 
     6 
     2 
    -7 
     8 
     2 
   -14 
    16 
    16 
   -21 
     2 
    17 
   -13 
     0 
    18 
    -3 
    -8 
     5 
     6 
     2 
    -4 
     6 
     9 
    -3 
    -4 
    10 
     4 
     1 
    -2 
    12 
     7 
    -4 
    -3 
    18 
     2 
     1 
     2 
    24 
     5 
     0 
    -3 
    83 
     4 
     0 
   131 
   -84 
     0 
    -2 
    -1 
   -25 
     1 
    -2 
     5 
   -20 
    -2 
     3 
     0 
   -13 
     4 
    -2 
     1 
   -10 
     1 
     2 
    -1 
    -7 
     5 
    -3 
    -1 
    -7 
     2 
     2 
    -5 
    -1 
    15 
   -17 
   -10 
    20 
    -2 
   -16 
    19 
    -2 
   -18 
     6 
    12 
    -7 
    -2 
     0 
     5 
    -4 
    -3 
     4 
     4 
    -3 
     3 
    -4 
     1 
     2 
    -3 
     0 
     8 
    -4 
    -2 
     1 
     3 
     0 
     0 
     0 
     5 
    -1 
     0 
    -2 
     3 
     3 
    -2 
    -1 
     8 
    -3 
    -3 
     3 
     1 
     2 
     3 
    -4 
     4 
     4 
    -3 
    -1 
     5 
     6 
    -2 
    -7 
    12 
     2 
   -18 
    16 
    19 
   -21 
    -2 
    17 
   -10 
     0 
    15 
    -3 
    -5 
     5 
     3 
     2 
    -1 
     6 
     6 
    -3 
    -1 
    10 
     1 
     1 
     1 
    12 
     4 
    -4 
     1 
    18 
    -1 
     1 
     5 
    24 
     1 
     0 
     0 
    83 
     1 
     0 
   139 
   -84 
    -8 
    -3 
     8 
   -23 
    -8 
    -5 
    13 
   -17 
   -10 
    -1 
     8 
    -8 
    -4 
    -6 
     8 
    -5 
    -6 
    -4 
     5 
    -2 
     0 
    -9 
     3 
     0 
    -2 
    -4 
    -2 
     5 
    12 
   -24 
    -8 
    27 
    -3 
   -23 
    20 
     4 
   -18 
     0 
    11 
    -1 
    -1 
    -6 
     4 
     1 
    -1 
    -1 
     1 
     1 
     6 
    -8 
    -2 
     6 
     1 
    -3 
     4 
    -2 
     2 
     0 
    -2 
     1 
     4 
     0 
     0 
    -1 
     5 
     0 
    -2 
     1 
     2 
     2 
     4 
    -6 
     1 
     7 
    -2 
    -2 
     6 
     1 
     1 
    -2 
    -1 
     5 
     3 
     0 
     0 
    -1 
    11 
    -5 
   -18 
    22 
    20 
   -27 
    -3 
    23 
    -8 
    -6 
    12 
     3 
    -1 
    -1 
    -1 
     8 
     4 
     0 
     1 
     2 
     5 
     4 
    -5 
     5 
     8 
     7 
    -3 
     0 
     8 
    15 
    -9 
     3 
    13 
    22 
    -7 
     1 
     9 
    82 
    -7 
     0 
   144 
   -83 
   -13 
    -4 
    12 
   -21 
   -11 
    -8 
    16 
   -13 
   -12 
    -5 
    10 
    -4 
    -4 
   -11 
     8 
    -1 
    -5 
    -8 
     3 
     2 
     3 
   -12 
     0 
     2 
     2 
    -6 
    -6 
     6 
    16 
   -24 
   -12 
    26 
     1 
   -21 
    16 
     1 
   -14 
     3 
     8 
    -5 
     2 
    -1 
     2 
    -3 
     0 
     3 
     1 
    -3 
     5 
    -4 
     0 
     2 
    -2 
     0 
     7 
    -4 
    -1 
     1 
     2 
     0 
     0 
     0 
     4 
     0 
     0 
    -2 
     2 
     4 
    -1 
    -1 
     7 
    -3 
    -2 
     2 
     0 
     3 
     6 
    -4 
     1 
     3 
     0 
     1 
     2 
     4 
     2 
    -4 
     8 
    -2 
   -14 
    20 
    16 
   -26 
     1 
    23 
   -12 
    -7 
    17 
     5 
    -6 
    -4 
     2 
    11 
     1 
    -3 
     3 
     7 
     3 
     0 
    -5 
    10 
     8 
     3 
    -4 
     4 
    10 
    11 
   -12 
     6 
    16 
    20 
   -11 
     3 
    13 
    81 
   -11 
     0 
   144 
   -83 
   -13 
    -5 
    12 
   -20 
   -11 
    -8 
    15 
   -12 
   -11 
    -5 
     9 
    -4 
    -3 
   -11 
     7 
    -2 
    -4 
    -7 
     2 
     1 
     4 
   -11 
     0 
     1 
     2 
    -4 
    -5 
     4 
    16 
   -23 
   -11 
    25 
    -1 
   -20 
    18 
     1 
   -17 
     3 
    11 
    -4 
    -1 
    -3 
     4 
    -1 
    -2 
     1 
     2 
     0 
     5 
    -6 
     0 
     5 
    -1 
    -2 
     5 
    -2 
     1 
     0 
     0 
     1 
     3 
     0 
     1 
    -1 
     3 
    -1 
    -1 
     2 
     1 
     1 
     5 
    -5 
    -1 
     6 
     0 
     0 
     5 
    -1 
     3 
     1 
    -2 
     3 
     4 
     3 
     0 
    -3 
    11 
    -2 
   -17 
    20 
    18 
   -25 
     0 
    22 
   -11 
    -5 
    16 
     3 
    -5 
    -2 
     2 
    10 
     0 
    -2 
     4 
     6 
     2 
     1 
    -3 
    10 
     7 
     3 
    -3 
     4 
     9 
    11 
   -11 
     7 
    16 
    19 
   -11 
     3 
    13 
    81 
   -12 
     0 
   148 
   -81 
   -16 
    -8 
    15 
   -17 
   -13 
   -12 
    15 
    -9 
   -10 
    -8 
     6 
    -3 
     0 
   -10 
     3 
    -3 
     0 
    -4 
    -1 
    -3 
     5 
    -7 
     0 
    -3 
     0 
    -2 
    -2 
     3 
    12 
   -23 
    -7 
    26 
    -4 
   -24 
    21 
     5 
   -18 
    -2 
    10 
     0 
     1 
    -6 
     1 
     0 
     2 
     1 
    -2 
    -2 
     9 
    -3 
    -4 
     0 
     1 
     2 
     5 
    -7 
    -1 
     3 
     3 
    -1 
    -1 
     0 
     6 
     0 
    -1 
    -4 
     3 
     6 
    -1 
    -3 
     5 
    -1 
     1 
     2 
    -4 
     1 
     9 
    -1 
    -2 
    -1 
     2 
     5 
     0 
    -1 
     2 
     1 
    10 
    -6 
   -18 
    23 
    21 
   -27 
    -4 
    22 
    -7 
    -4 
    12 
     0 
    -2 
     2 
     0 
     5 
     0 
     2 
     6 
     3 
     0 
     2 
     0 
     9 
     3 
     1 
     1 
     7 
     6 
     7 
    -9 
    11 
    16 
    15 
   -12 
     6 
    15 
    79 
   -16 
     0 
   157 
   -77 
   -24 
   -14 
    20 
    -9 
   -14 
   -20 
    13 
    -3 
    -4 
   -10 
    -2 
    -4 
     8 
    -6 
    -4 
   -10 
     3 
     4 
    -1 
   -10 
     2 
    -2 
     6 
    -4 
    -7 
    -4 
     5 
     8 
     7 
   -30 
    -5 
    33 
    -3 
   -28 
    17 
     7 
   -12 
    -1 
     4 
    -3 
     6 
    -1 
    -2 
    -5 
     2 
     6 
     1 
    -5 
     4 
    -3 
     2 
     3 
    -3 
    -2 
     8 
    -2 
    -1 
    -1 
     1 
     2 
     3 
     0 
     1 
    -2 
     3 
     1 
     1 
     1 
    -1 
     1 
     8 
    -4 
    -3 
     2 
     1 
     4 
     4 
    -6 
     1 
     5 
     2 
     0 
    -2 
     2 
     7 
     0 
     4 
    -9 
   -12 
    28 
    17 
   -34 
    -3 
    29 
    -5 
    -9 
     7 
     3 
     5 
     3 
    -7 
     1 
     7 
     9 
     2 
    -5 
    -1 
    10 
     4 
     5 
    -4 
     2 
     9 
     9 
    -1 
     2 
    -3 
    19 
    13 
     7 
   -13 
    13 
    21 
    76 
   -23 
     0 
   156 
   -77 
   -24 
   -15 
    20 
    -9 
   -14 
   -20 
    13 
    -3 
    -4 
   -10 
    -2 
    -4 
     8 
    -6 
    -3 
   -10 
     3 
     3 
     0 
    -9 
     1 
    -3 
     6 
    -4 
    -6 
    -4 
     3 
     7 
     8 
   -29 
    -5 
    32 
    -3 
   -27 
    17 
     6 
   -13 
    -1 
     6 
    -2 
     5 
    -2 
    -1 
    -4 
     2 
     4 
     0 
    -4 
     6 
    -3 
     0 
     2 
    -2 
     0 
     7 
    -3 
    -1 
     1 
     1 
     1 
     1 
     0 
     3 
    -1 
     2 
    -1 
     2 
     2 
    -1 
     0 
     7 
    -3 
    -2 
     2 
    -1 
     3 
     6 
    -5 
     0 
     3 
     2 
     1 
    -1 
     2 
     5 
     0 
     6 
    -8 
   -13 
    27 
    17 
   -32 
    -3 
    28 
    -5 
    -9 
     8 
     3 
     4 
     2 
    -6 
     2 
     6 
     8 
     2 
    -5 
     0 
     9 
     3 
     5 
    -3 
     3 
     9 
     9 
    -1 
     2 
    -3 
    19 
    13 
     7 
   -13 
    13 
    20 
    76 
   -23 
     0 
   159 
   -76 
   -26 
   -17 
    20 
    -6 
   -13 
   -21 
    11 
    -3 
    -1 
    -9 
    -4 
    -6 
     9 
    -3 
    -2 
   -12 
     1 
     3 
     2 
    -8 
     0 
    -5 
     6 
    -2 
    -6 
    -5 
     2 
     7 
    10 
   -27 
    -7 
    30 
    -2 
   -25 
    18 
     5 
   -14 
    -1 
     7 
    -1 
     4 
    -3 
    -1 
    -3 
     2 
     4 
    -1 
    -4 
     7 
    -3 
    -1 
     1 
    -1 
     0 
     7 
    -4 
    -1 
     1 
     2 
     1 
     1 
     0 
     3 
    -1 
     1 
    -1 
     2 
     3 
    -1 
    -1 
     7 
    -2 
    -1 
     2 
    -1 
     3 
     7 
    -4 
    -1 
     2 
     2 
     3 
     0 
     1 
     4 
     0 
     7 
    -7 
   -14 
    25 
    18 
   -31 
    -2 
    27 
    -7 
    -9 
    10 
     4 
     2 
     0 
    -5 
     4 
     7 
     7 
     0 
    -4 
     2 
    10 
     1 
     2 
    -2 
     5 
     9 
     8 
    -3 
     2 
    -1 
    20 
    11 
     5 
   -12 
    15 
    21 
    74 
   -25 
     0 
   166 
   -71 
   -31 
   -24 
    21 
    -1 
    -9 
   -22 
     4 
    -8 
     4 
    -2 
    -5 
   -12 
     4 
    -2 
     4 
    -8 
    -5 
    -3 
     4 
    -2 
     3 
    -7 
     0 
    -5 
     0 
     1 
     0 
     2 
     7 
   -26 
    -1 
    33 
    -7 
   -31 
    19 
    10 
   -12 
    -2 
     2 
    -4 
     9 
     2 
    -2 
    -7 
     0 
     5 
     3 
    -2 
     3 
    -7 
     0 
     5 
     1 
     0 
     3 
    -6 
     2 
     5 
     1 
    -3 
    -2 
     0 
     7 
     2 
    -2 
    -6 
     2 
     6 
     2 
     0 
     3 
    -6 
     1 
     7 
     0 
     1 
     3 
    -5 
     4 
     6 
     0 
    -2 
    -2 
     4 
     9 
     1 
     2 
   -11 
   -12 
    31 
    20 
   -34 
    -7 
    25 
    -1 
    -4 
     7 
    -2 
     1 
     4 
     0 
     6 
     1 
     1 
     4 
     2 
     4 
     7 
    -4 
     1 
     4 
    11 
     5 
     1 
    -4 
     7 
     5 
    21 
     4 
    -1 
    -7 
    22 
    21 
    69 
   -30 
     0 
   173 
   -66 
   -35 
   -31 
    20 
     3 
    -3 
   -20 
    -3 
   -14 
     7 
     4 
    -2 
   -13 
    -2 
    -6 
     9 
    -1 
    -5 
    -7 
    -1 
    -3 
     9 
    -1 
    -3 
   -11 
    -2 
     3 
     6 
     5 
     2 
   -32 
     0 
    37 
    -4 
   -31 
    14 
     6 
    -8 
     3 
     3 
    -6 
     4 
     0 
     3 
    -2 
    -2 
     1 
     1 
    -1 
     8 
    -3 
    -3 
     0 
     0 
     2 
     7 
    -4 
    -2 
     0 
     3 
     1 
     1 
     0 
     3 
    -2 
     1 
    -1 
     3 
     4 
    -2 
    -3 
     7 
    -1 
     0 
     3 
    -3 
     1 
     8 
    -1 
     1 
     1 
    -2 
     0 
     3 
     6 
     4 
    -4 
     3 
    -7 
    -8 
    30 
    14 
   -38 
    -3 
    31 
     0 
    -6 
     2 
    -4 
     6 
    10 
    -2 
     0 
    -3 
     2 
    10 
     6 
    -1 
     0 
    -5 
     5 
    10 
    12 
    -1 
    -5 
    -1 
    13 
     7 
    19 
    -2 
    -4 
    -2 
    29 
    20 
    64 
   -35 
     0 
   175 
   -64 
   -37 
   -32 
    19 
     3 
    -1 
   -18 
    -4 
   -16 
     6 
     5 
     0 
   -13 
    -4 
    -8 
    10 
     0 
    -4 
    -7 
    -3 
    -4 
    10 
     0 
    -3 
   -11 
    -4 
     2 
     7 
     6 
     2 
   -32 
    -1 
    37 
    -2 
   -30 
    14 
     5 
   -10 
     3 
     4 
    -5 
     4 
    -1 
     2 
    -2 
    -1 
     1 
     0 
    -2 
     7 
    -3 
    -2 
     1 
     0 
     1 
     7 
    -4 
    -1 
     1 
     2 
     0 
     1 
     0 
     3 
    -1 
     1 
    -2 
     2 
     4 
    -1 
    -2 
     7 
    -2 
     0 
     3 
    -3 
     1 
     7 
    -2 
     0 
     1 
    -1 
     1 
     2 
     5 
     4 
    -3 
     4 
    -6 
    -9 
    29 
    14 
   -37 
    -2 
    31 
    -1 
    -8 
     3 
    -3 
     7 
    10 
    -4 
    -1 
    -2 
     3 
    11 
     6 
    -3 
    -1 
    -4 
     7 
    10 
    12 
    -3 
    -6 
     1 
    15 
     7 
    17 
    -4 
    -5 
     0 
    31 
    20 
    62 
   -36 
     0 
   177 
   -62 
   -38 
   -34 
    18 
     3 
     2 
   -16 
    -5 
   -18 
     5 
     5 
     2 
   -10 
    -4 
   -10 
     8 
    -1 
    -1 
    -5 
    -3 
    -6 
     8 
    -1 
     0 
    -9 
    -4 
     0 
     5 
     5 
     4 
   -30 
    -2 
    35 
    -4 
   -31 
    16 
     8 
   -10 
     2 
     2 
    -7 
     5 
     1 
     2 
    -3 
    -3 
     0 
     2 
     0 
     8 
    -4 
    -5 
    -1 
     1 
     4 
     8 
    -5 
    -4 
    -1 
     3 
     2 
     2 
     0 
     1 
    -3 
     2 
     0 
     4 
     4 
    -4 
    -4 
     8 
     0 
     1 
     3 
    -5 
    -1 
     8 
     0 
     2 
     2 
    -3 
    -2 
     3 
     6 
     5 
    -2 
     2 
    -9 
    -9 
    30 
    16 
   -36 
    -4 
    29 
    -2 
    -7 
     5 
    -2 
     5 
     7 
    -4 
     0 
     0 
     5 
     9 
     4 
    -3 
     0 
    -1 
     9 
     8 
     9 
    -4 
    -6 
     3 
    16 
     5 
    15 
    -5 
    -5 
     2 
    33 
    18 
    60 
   -37 
     0 
   187 
   -53 
   -42 
   -41 
    11 
     0 
    11 
    -7 
    -6 
   -22 
    -4 
    -1 
    10 
    -1 
    -2 
   -11 
    -1 
    -8 
     4 
     2 
     1 
    -4 
     0 
    -9 
     2 
    -3 
     2 
     4 
    -2 
    -3 
     3 
   -28 
     6 
    41 
    -9 
   -37 
    13 
     7 
    -2 
     8 
     0 
   -11 
     0 
    -2 
     8 
     3 
    -2 
    -2 
    -4 
    -5 
    12 
     1 
    -2 
     1 
    -4 
    -2 
     8 
    -2 
     1 
     2 
    -1 
    -3 
     0 
     0 
     7 
     2 
     0 
    -3 
     0 
     1 
     1 
     1 
     8 
    -1 
    -4 
    -2 
    -2 
     4 
    12 
     1 
    -4 
    -4 
    -2 
     1 
     8 
    10 
     0 
    -9 
     0 
    -8 
    -2 
    37 
    12 
   -42 
    -9 
    27 
     6 
     1 
     4 
    -6 
    -2 
     2 
     3 
     8 
     2 
     3 
     0 
    -4 
     2 
     7 
     4 
    10 
    -1 
     0 
    -1 
     0 
    10 
    21 
    -3 
     6 
    -6 
    -1 
    11 
    40 
    12 
    51 
   -41 
     0 
   191 
   -49 
   -43 
   -44 
     7 
    -3 
    14 
    -3 
    -4 
   -21 
    -8 
    -6 
    10 
     0 
     3 
    -7 
    -4 
   -12 
     0 
     0 
     6 
     1 
     1 
   -10 
    -4 
    -9 
     5 
     8 
     2 
     1 
    -2 
   -33 
     4 
    41 
    -3 
   -32 
    10 
     3 
    -8 
     5 
     5 
    -5 
     2 
    -2 
     1 
    -3 
     0 
     2 
     2 
     0 
     6 
    -6 
    -4 
     1 
     3 
     5 
     6 
    -6 
    -5 
    -2 
     5 
     4 
     2 
     0 
    -1 
    -5 
     2 
     1 
     5 
     6 
    -5 
    -6 
     6 
    -1 
     3 
     5 
    -4 
     0 
     6 
    -3 
     2 
     3 
     0 
     1 
     1 
     4 
     2 
    -5 
     5 
    -4 
    -7 
    31 
    10 
   -42 
    -3 
    33 
     4 
    -2 
    -1 
   -10 
     2 
     8 
     5 
     9 
    -3 
    -2 
     1 
    -1 
     6 
    11 
     1 
     6 
    -3 
    -1 
     3 
     5 
    10 
    20 
    -7 
     2 
    -3 
     2 
    15 
    42 
     8 
    47 
   -42 
     0 
   191 
   -49 
   -43 
   -43 
     8 
    -3 
    13 
    -3 
    -4 
   -21 
    -7 
    -5 
     9 
    -1 
     2 
    -7 
    -3 
   -11 
     0 
     0 
     5 
     0 
     1 
    -9 
    -3 
    -8 
     4 
     7 
     2 
     1 
    -1 
   -33 
     4 
    40 
    -4 
   -32 
    11 
     4 
    -7 
     4 
     4 
    -6 
     3 
    -1 
     3 
    -2 
    -1 
     1 
     1 
     0 
     7 
    -4 
    -4 
     0 
     1 
     4 
     7 
    -5 
    -4 
    -1 
     4 
     3 
     2 
     0 
     0 
    -4 
     2 
     1 
     4 
     5 
    -4 
    -4 
     7 
    -1 
     2 
     4 
    -4 
     0 
     7 
    -2 
     1 
     1 
    -1 
     1 
     3 
     5 
     2 
    -5 
     4 
    -5 
    -7 
    31 
    11 
   -41 
    -4 
    32 
     4 
    -2 
     0 
    -9 
     2 
     7 
     4 
     8 
    -3 
    -1 
     2 
    -1 
     6 
    10 
     0 
     6 
    -3 
     0 
     3 
     4 
    10 
    19 
    -7 
     2 
    -3 
     2 
    14 
    42 
     8 
    48 
   -42 
     0 
   196 
   -44 
   -43 
   -44 
     3 
    -7 
    15 
    -1 
     0 
   -17 
   -10 
    -8 
     6 
    -4 
     5 
    -4 
     0 
    -9 
    -4 
    -4 
     3 
    -1 
     5 
    -5 
    -2 
    -8 
     0 
     3 
     2 
     1 
     3 
   -29 
     3 
    39 
    -8 
   -36 
    13 
     6 
    -4 
     7 
     2 
    -8 
     0 
    -4 
     5 
     1 
     1 
     3 
    -2 
    -3 
     5 
    -6 
    -1 
     3 
     3 
     5 
     4 
    -8 
    -4 
    -2 
     7 
     6 
     2 
     0 
    -3 
    -7 
     2 
     1 
     7 
     8 
    -5 
    -5 
     4 
    -4 
     3 
     5 
    -1 
     3 
     5 
    -4 
    -2 
    -1 
     1 
     3 
     5 
     8 
     0 
    -8 
     2 
    -7 
    -4 
    35 
    13 
   -40 
    -8 
    28 
     3 
    -3 
     4 
    -4 
     2 
     7 
     0 
     4 
    -2 
     0 
     6 
     3 
     4 
     8 
    -3 
     3 
     0 
     3 
     6 
     7 
     6 
    16 
    -9 
     0 
     1 
     6 
    16 
    43 
     4 
    43 
   -42 
     0 
   203 
   -37 
   -43 
   -44 
    -4 
   -15 
    15 
    -1 
     8 
    -9 
   -10 
    -8 
    -2 
   -11 
     5 
    -4 
     8 
    -1 
    -4 
    -4 
    -4 
    -9 
     5 
    -5 
     5 
    -1 
     0 
     3 
    -5 
    -6 
     3 
   -29 
    11 
    47 
    -7 
   -36 
     5 
    -1 
    -4 
     7 
    10 
    -1 
     0 
    -4 
    -2 
    -7 
     1 
     3 
     6 
     4 
     5 
    -6 
    -8 
    -4 
     3 
     5 
    12 
    -1 
    -4 
    -2 
     0 
    -1 
     2 
     0 
     5 
     1 
     2 
     1 
     0 
     0 
    -5 
    -5 
    12 
     4 
     3 
     5 
    -9 
    -5 
     5 
    -4 
     6 
     6 
     1 
     3 
    -3 
     0 
     0 
    -8 
    10 
     0 
    -4 
    35 
     5 
   -48 
    -8 
    28 
    11 
     5 
     4 
    -5 
    -5 
    -1 
     0 
     4 
     6 
     8 
     6 
     3 
    -4 
     0 
    -3 
     3 
     8 
    10 
     6 
     7 
    -1 
     8 
    -9 
     0 
     9 
    13 
    16 
    43 
    -4 
    36 
   -42 
     0 
   206 
   -35 
   -43 
   -44 
    -7 
   -17 
    14 
    -3 
    10 
    -7 
    -8 
    -7 
    -4 
   -13 
     4 
    -6 
     9 
     0 
    -2 
    -2 
    -5 
   -10 
     3 
    -8 
     6 
     0 
     3 
     6 
    -5 
    -6 
     0 
   -31 
    10 
    46 
    -5 
   -33 
     6 
     0 
    -6 
     5 
     8 
    -2 
     2 
    -1 
     0 
    -4 
    -1 
     1 
     3 
     1 
     7 
    -4 
    -6 
    -1 
     1 
     3 
     8 
    -4 
    -4 
    -1 
     3 
     2 
     2 
     0 
     2 
    -2 
     2 
     1 
     3 
     3 
    -4 
    -4 
     8 
     1 
     2 
     4 
    -6 
    -2 
     7 
    -2 
     4 
     4 
    -1 
     1 
    -1 
     2 
     2 
    -5 
     8 
    -1 
    -7 
    32 
     6 
   -47 
    -5 
    31 
    10 
     5 
     1 
    -7 
    -5 
    -1 
     3 
     7 
     7 
     9 
     3 
     1 
    -5 
    -1 
    -1 
     5 
     9 
    12 
     4 
     5 
    -3 
     6 
    -8 
     1 
    11 
    16 
    15 
    42 
    -6 
    33 
   -42 
     0 
   206 
   -34 
   -42 
   -44 
    -7 
   -18 
    13 
    -3 
    11 
    -7 
    -8 
    -6 
    -4 
   -13 
     3 
    -6 
     9 
     0 
    -1 
    -1 
    -4 
    -9 
     2 
    -8 
     5 
    -1 
     3 
     6 
    -4 
    -5 
     1 
   -31 
     9 
    45 
    -5 
   -34 
     7 
     1 
    -5 
     6 
     8 
    -3 
     1 
    -3 
     0 
    -5 
     0 
     3 
     4 
     2 
     6 
    -6 
    -6 
    -2 
     3 
     5 
    10 
    -2 
    -4 
    -2 
     1 
     1 
     2 
     0 
     3 
    -1 
     2 
     1 
     1 
     2 
    -5 
    -5 
    10 
     2 
     3 
     5 
    -7 
    -2 
     6 
    -3 
     4 
     4 
     0 
     2 
     0 
     2 
     1 
    -7 
     8 
    -2 
    -5 
    33 
     7 
   -46 
    -5 
    30 
     9 
     4 
     1 
    -7 
    -4 
     0 
     3 
     7 
     6 
     8 
     3 
     0 
    -4 
    -1 
     0 
     5 
     9 
    12 
     3 
     4 
    -3 
     6 
    -7 
     2 
    11 
    16 
    14 
    42 
    -7 
    33 
   -42 
     0 
   212 
   -28 
   -41 
   -40 
   -12 
   -22 
     9 
    -9 
    13 
    -6 
    -2 
     0 
    -3 
   -11 
    -3 
   -11 
     5 
    -5 
     2 
     1 
     1 
    -3 
     2 
    -6 
    -1 
    -6 
     0 
     2 
    -1 
    -3 
     6 
   -26 
     8 
    46 
   -10 
   -38 
     5 
    -3 
    -1 
     9 
    12 
     2 
     0 
    -3 
    -5 
    -9 
    -2 
     0 
     8 
     4 
    10 
    -1 
    -8 
    -2 
    -2 
     0 
     8 
    -5 
     0 
     1 
     5 
     5 
     1 
     0 
    -1 
    -6 
     1 
    -2 
     5 
     5 
    -1 
     0 
     8 
     2 
    -2 
     0 
    -8 
    -5 
    10 
     0 
     8 
     9 
    -2 
     2 
    -5 
    -3 
     0 
    -9 
    12 
     2 
    -2 
    38 
     5 
   -47 
   -11 
    25 
     8 
     1 
     6 
    -3 
     0 
     5 
     0 
     5 
     0 
     2 
     3 
    -2 
     2 
     4 
     3 
    10 
     5 
     9 
    -2 
    -1 
    -3 
     5 
    -1 
     8 
    14 
    20 
    10 
    39 
   -12 
    27 
   -40 
     0 
   219 
   -21 
   -38 
   -35 
   -18 
   -25 
     2 
   -16 
    13 
    -9 
     5 
     5 
     2 
    -4 
    -6 
   -11 
    -2 
   -12 
     0 
    -4 
     6 
     0 
     9 
     0 
    -1 
    -4 
    -7 
    -3 
    -5 
    -9 
     8 
   -25 
    15 
    52 
    -8 
   -34 
     0 
    -6 
    -7 
     2 
    13 
     0 
     6 
     2 
    -1 
    -4 
    -4 
    -1 
     1 
    -2 
     8 
    -5 
    -3 
     0 
     3 
     6 
     8 
    -3 
    -6 
    -3 
     1 
    -1 
     3 
     0 
     5 
     0 
     3 
     2 
     1 
     2 
    -7 
    -7 
     8 
    -1 
     3 
     5 
    -3 
     1 
     8 
     0 
     2 
     3 
    -4 
    -3 
    -1 
    -1 
     6 
    -3 
    13 
     5 
    -7 
    33 
     0 
   -53 
    -9 
    24 
    15 
     7 
     9 
     2 
    -5 
     2 
    -6 
    -2 
     0 
    -1 
     9 
     3 
     7 
    11 
     1 
    10 
    -2 
     3 
    -5 
    -7 
     2 
     8 
     5 
    15 
    14 
    23 
     3 
    34 
   -17 
    20 
   -37 
     0 
   220 
   -21 
   -38 
   -34 
   -18 
   -24 
     1 
   -17 
    13 
   -10 
     5 
     5 
     3 
    -3 
    -5 
   -10 
    -3 
   -12 
    -1 
    -5 
     6 
    -1 
     9 
     0 
     1 
    -3 
    -6 
    -2 
    -6 
    -9 
     7 
   -27 
    14 
    51 
    -7 
   -34 
     2 
    -3 
    -7 
     3 
    11 
    -1 
     4 
     0 
    -1 
    -5 
    -2 
     0 
     3 
     1 
     8 
    -4 
    -5 
    -1 
     1 
     4 
     9 
    -4 
    -4 
    -1 
     2 
     1 
     2 
     0 
     2 
    -2 
     2 
     1 
     2 
     3 
    -4 
    -5 
     9 
     1 
     1 
     4 
    -6 
    -2 
     8 
    -1 
     3 
     4 
    -2 
    -1 
    -1 
     0 
     4 
    -4 
    11 
     3 
    -7 
    33 
     2 
   -52 
    -7 
    26 
    14 
     7 
     7 
     1 
    -5 
     1 
    -5 
    -2 
     1 
     0 
    10 
     4 
     5 
    11 
    -1 
     9 
    -2 
     2 
    -4 
    -6 
     3 
     9 
     6 
    15 
    13 
    23 
     2 
    33 
   -17 
    19 
   -37 
     0 
   221 
   -20 
   -37 
   -33 
   -18 
   -24 
     0 
   -17 
    12 
   -11 
     5 
     4 
     4 
    -3 
    -4 
    -9 
    -2 
   -11 
    -2 
    -5 
     4 
    -2 
     8 
    -1 
     1 
    -3 
    -4 
    -1 
    -5 
    -7 
     6 
   -26 
    12 
    50 
    -9 
   -36 
     2 
    -4 
    -5 
     4 
    13 
     1 
     4 
     2 
    -3 
    -6 
    -4 
    -2 
     3 
    -1 
     9 
    -4 
    -3 
     1 
     2 
     6 
     7 
    -4 
    -6 
    -4 
     1 
    -1 
     3 
     0 
     5 
     0 
     3 
     3 
     2 
     3 
    -7 
    -7 
     7 
    -2 
     2 
     3 
    -3 
     0 
     9 
     2 
     3 
     5 
    -4 
    -2 
    -3 
    -2 
     4 
    -5 
    13 
     4 
    -5 
    35 
     2 
   -50 
    -9 
    25 
    12 
     6 
     7 
    -1 
    -4 
     2 
    -4 
     0 
     2 
     1 
     8 
     4 
     4 
     9 
    -1 
     8 
    -2 
     2 
    -3 
    -6 
     4 
    10 
     6 
    16 
    12 
    22 
     1 
    32 
   -17 
    19 
   -36 
     0 
   228 
   -15 
   -33 
   -27 
   -20 
   -21 
    -6 
   -20 
     6 
   -17 
     3 
    -1 
     7 
    -4 
     3 
    -4 
     3 
    -4 
    -3 
    -1 
    -2 
    -5 
     2 
    -7 
    -1 
    -8 
    -1 
    -2 
     1 
    -3 
    11 
   -20 
    12 
    54 
   -14 
   -37 
    -5 
   -10 
    -8 
    -2 
    16 
     0 
    10 
     5 
     2 
     1 
    -4 
     3 
    -2 
    -1 
     3 
    -9 
    -6 
    -5 
     4 
     3 
    13 
    -1 
    -1 
     3 
     2 
     4 
    -1 
     0 
    -2 
    -5 
    -1 
    -3 
     3 
     0 
    -1 
    -4 
    13 
     4 
     4 
     9 
    -7 
     0 
     3 
    -3 
    -2 
    -1 
    -4 
    -6 
     2 
     0 
    10 
     1 
    16 
    10 
    -8 
    36 
    -5 
   -54 
   -14 
    19 
    12 
     2 
    12 
     1 
     2 
     7 
    -1 
     6 
    -1 
     4 
     2 
     0 
    -1 
     3 
    -2 
     3 
     3 
     2 
     3 
     0 
     8 
    16 
     4 
    18 
     6 
    19 
    -5 
    26 
   -19 
    14 
   -32 
     0 
   233 
   -11 
   -30 
   -22 
   -20 
   -18 
    -9 
   -20 
     0 
   -21 
     0 
    -6 
     8 
    -7 
     7 
    -4 
     7 
     0 
     1 
     3 
    -2 
    -1 
    -2 
    -7 
    -6 
   -12 
    -5 
    -7 
     2 
    -6 
    15 
   -19 
    17 
    58 
   -11 
   -32 
    -5 
    -7 
   -11 
    -2 
    11 
    -4 
     7 
     1 
     2 
    -2 
    -1 
     3 
     3 
     2 
     6 
    -5 
    -6 
    -2 
     1 
     3 
     8 
    -4 
    -4 
    -2 
     3 
     1 
     3 
     0 
     3 
    -2 
     2 
     1 
     3 
     4 
    -4 
    -4 
     8 
     1 
     1 
     4 
    -7 
    -3 
     6 
    -3 
     3 
     2 
    -1 
    -1 
     3 
     3 
     7 
     1 
    11 
     6 
   -12 
    32 
    -5 
   -58 
   -11 
    19 
    17 
     5 
    16 
     5 
     2 
    11 
    -4 
     6 
    -6 
     0 
    -2 
    -5 
    -2 
    -1 
     1 
     3 
     8 
     6 
     7 
     5 
     8 
    20 
     0 
    18 
     1 
    16 
    -8 
    21 
   -19 
    10 
   -28 
     0 
   234 
   -10 
   -28 
   -20 
   -19 
   -16 
   -10 
   -19 
    -1 
   -21 
    -2 
    -7 
     7 
    -8 
     7 
    -5 
     8 
     0 
     2 
     4 
    -1 
     0 
    -1 
    -6 
    -7 
   -12 
    -6 
    -7 
     0 
    -7 
    14 
   -21 
    17 
    57 
   -10 
   -33 
    -3 
    -6 
   -10 
    -1 
    11 
    -2 
     7 
     1 
     1 
    -2 
    -2 
     2 
     2 
     1 
     6 
    -6 
    -6 
    -2 
     2 
     4 
    10 
    -3 
    -3 
     0 
     2 
     2 
     1 
     0 
     1 
    -3 
     1 
     0 
     2 
     2 
    -3 
    -5 
    10 
     2 
     2 
     5 
    -6 
    -1 
     6 
    -2 
     2 
     2 
    -2 
    -2 
     1 
     2 
     6 
     0 
    11 
     6 
   -10 
    32 
    -3 
   -57 
   -10 
    20 
    17 
     6 
    15 
     6 
     1 
    10 
    -5 
     5 
    -6 
    -1 
    -1 
    -6 
     0 
     0 
     3 
     4 
     9 
     7 
     7 
     6 
     7 
    20 
    -1 
    18 
     0 
    14 
    -9 
    19 
   -19 
     9 
   -27 
     0 
   237 
    -9 
   -26 
   -18 
   -18 
   -14 
   -10 
   -17 
    -3 
   -20 
    -4 
    -8 
     4 
   -10 
     5 
    -8 
     7 
    -3 
     3 
     2 
     2 
     0 
     2 
    -5 
    -4 
    -9 
    -4 
    -4 
     0 
    -4 
    12 
   -20 
    14 
    56 
   -14 
   -36 
    -6 
   -10 
   -11 
    -4 
    13 
    -4 
    11 
     2 
     5 
     1 
     1 
     6 
     3 
     5 
     4 
    -4 
   -10 
    -3 
    -2 
     1 
     6 
    -8 
    -5 
    -5 
     4 
    -1 
     5 
     0 
     6 
     0 
     5 
     4 
     4 
     7 
    -4 
    -2 
     6 
     2 
    -2 
     3 
   -10 
    -6 
     4 
    -7 
     3 
    -1 
     1 
    -2 
     6 
     4 
    10 
     3 
    13 
    10 
   -11 
    35 
    -6 
   -56 
   -14 
    19 
    14 
     3 
    12 
     2 
     1 
     7 
    -4 
     3 
    -3 
    -1 
     2 
    -4 
     2 
     2 
     4 
     7 
     8 
     9 
     5 
     6 
     5 
    19 
    -3 
    16 
    -2 
    12 
    -9 
    17 
   -17 
     8 
   -25 
     0 
   244 
    -6 
   -20 
   -12 
   -14 
    -7 
   -10 
   -11 
    -5 
   -16 
   -10 
    -7 
    -3 
   -13 
    -2 
   -13 
     3 
   -10 
     2 
    -5 
     4 
    -5 
     7 
    -7 
     3 
    -7 
     3 
     1 
     5 
     2 
    15 
   -13 
    13 
    61 
   -17 
   -32 
   -12 
   -11 
   -17 
    -7 
     8 
   -10 
     7 
    -5 
     5 
    -5 
     4 
     2 
     7 
     4 
    10 
    -2 
    -4 
     1 
     2 
     6 
     8 
    -2 
    -6 
     0 
     1 
     2 
     0 
     0 
     0 
    -3 
     0 
    -1 
     0 
     1 
    -5 
    -7 
     8 
    -2 
     2 
     1 
    -4 
    -4 
    10 
    -3 
     7 
     5 
     4 
     4 
     5 
     9 
     7 
     6 
     8 
    10 
   -17 
    32 
   -12 
   -62 
   -17 
    12 
    13 
    -3 
    15 
    -2 
     6 
     6 
     3 
     5 
     3 
     4 
     7 
     3 
     4 
     9 
     2 
    12 
     3 
    12 
    -2 
     5 
    -2 
    14 
    -9 
     9 
    -5 
     4 
    -9 
    11 
   -13 
     4 
   -19 
     0 
   248 
    -4 
   -16 
    -9 
   -11 
    -2 
    -8 
    -6 
    -6 
   -12 
   -12 
    -4 
    -6 
   -12 
    -7 
   -14 
    -2 
   -13 
    -2 
    -8 
     1 
    -9 
     6 
   -11 
     3 
   -10 
     5 
    -1 
     9 
     1 
    18 
   -12 
    17 
    63 
   -14 
   -29 
   -10 
    -7 
   -16 
    -4 
     7 
    -7 
     5 
    -3 
     2 
    -5 
     0 
     2 
     4 
     2 
     7 
    -4 
    -6 
    -1 
     2 
     3 
     8 
    -4 
    -4 
    -2 
     3 
     1 
     2 
     0 
     3 
    -2 
     3 
     1 
     2 
     4 
    -4 
    -4 
     8 
     1 
     1 
     4 
    -6 
    -3 
     7 
    -2 
     4 
     4 
     0 
     2 
     2 
     7 
     5 
     3 
     7 
     7 
   -16 
    29 
   -10 
   -64 
   -14 
    11 
    17 
    -3 
    19 
     0 
     9 
     9 
     6 
     9 
     4 
     8 
     7 
     7 
     2 
    11 
    -2 
    13 
    -1 
    10 
    -6 
     3 
    -6 
    11 
   -11 
     5 
    -5 
     0 
    -7 
     8 
   -10 
     2 
   -15 
     0 
   249 
    -4 
   -16 
    -9 
   -11 
    -2 
    -8 
    -6 
    -5 
   -11 
   -11 
    -3 
    -6 
   -11 
    -6 
   -13 
    -2 
   -12 
    -2 
    -7 
     0 
    -9 
     5 
   -10 
     2 
   -10 
     4 
    -2 
     7 
     1 
    17 
   -13 
    16 
    62 
   -15 
   -31 
   -10 
    -8 
   -16 
    -5 
     8 
    -8 
     7 
    -3 
     4 
    -4 
     2 
     2 
     6 
     3 
     9 
    -3 
    -5 
     0 
     2 
     5 
     8 
    -3 
    -5 
    -1 
     1 
     2 
     1 
     0 
     1 
    -2 
     1 
     0 
     1 
     2 
    -5 
    -6 
     8 
    -1 
     2 
     2 
    -5 
    -4 
     9 
    -3 
     6 
     4 
     2 
     2 
     4 
     7 
     6 
     4 
     8 
     8 
   -16 
    30 
   -10 
   -62 
   -15 
    12 
    16 
    -2 
    18 
     0 
     8 
     9 
     4 
     9 
     3 
     7 
     6 
     6 
     1 
    11 
    -2 
    12 
    -1 
    10 
    -6 
     2 
    -6 
    10 
   -11 
     5 
    -5 
     0 
    -7 
     7 
   -10 
     3 
   -14 
     0 
   254 
    -3 
   -10 
    -7 
    -6 
     1 
    -3 
    -2 
    -1 
    -6 
    -8 
     2 
    -4 
    -5 
    -5 
    -7 
    -2 
    -6 
    -4 
    -2 
    -2 
    -4 
     2 
    -6 
    -2 
    -7 
    -1 
     0 
     2 
     2 
    12 
   -13 
    10 
    61 
   -20 
   -33 
   -15 
   -11 
   -21 
    -9 
     4 
   -12 
     4 
    -8 
     2 
   -10 
     1 
    -3 
     6 
    -2 
    10 
    -8 
    -3 
    -4 
     5 
     1 
    12 
    -6 
     0 
    -3 
     6 
     0 
     6 
     0 
     7 
    -1 
     6 
     2 
     6 
     5 
     0 
    -2 
    12 
     4 
     5 
     7 
    -3 
     2 
    10 
     3 
     6 
     9 
     1 
     7 
     1 
    12 
     3 
     8 
     4 
    11 
   -21 
    32 
   -15 
   -61 
   -20 
    12 
    10 
    -3 
    12 
    -2 
     3 
     6 
    -1 
     5 
    -1 
     3 
     3 
     1 
    -1 
     5 
    -3 
     6 
    -1 
     4 
    -5 
    -3 
    -3 
     6 
    -8 
     1 
    -1 
    -3 
    -2 
     5 
    -5 
     1 
    -9 
     0 
   261 
    -2 
    -3 
    -5 
     1 
     3 
     4 
     1 
     5 
    -3 
    -2 
     6 
     2 
    -1 
     0 
    -2 
     3 
    -1 
     1 
     4 
     2 
     2 
     5 
     0 
     1 
    -1 
     1 
     7 
     4 
     9 
    12 
    -6 
    10 
    68 
   -21 
   -26 
   -17 
    -5 
   -23 
    -2 
     1 
    -6 
     0 
    -2 
    -2 
    -5 
    -4 
     2 
     1 
     2 
     4 
    -4 
    -9 
    -1 
    -1 
     4 
     5 
    -4 
    -7 
    -1 
     0 
     1 
    -1 
     0 
     0 
    -2 
     0 
     1 
     0 
     3 
    -7 
    -5 
     5 
     0 
    -1 
     4 
    -9 
    -3 
     4 
    -2 
     1 
     4 
    -4 
     2 
    -3 
     6 
     0 
     2 
     1 
     4 
   -23 
    26 
   -16 
   -68 
   -21 
     5 
    10 
   -10 
    13 
    -9 
     4 
    -1 
     1 
    -1 
     2 
    -4 
     6 
    -5 
     2 
    -1 
     1 
     1 
     4 
    -1 
     1 
    -7 
     2 
     2 
    -2 
    -2 
     6 
    -5 
     5 
     4 
     2 
     1 
    -2 
     0 
   261 
    -2 
    -3 
    -5 
     1 
     3 
     4 
     1 
     5 
    -3 
    -2 
     6 
     2 
    -1 
     0 
    -2 
     3 
    -1 
     1 
     4 
     2 
     2 
     5 
     0 
     1 
    -1 
     1 
     7 
     4 
     9 
    12 
    -6 
    10 
    67 
   -21 
   -26 
   -17 
    -5 
   -23 
    -3 
     1 
    -6 
     0 
    -2 
    -2 
    -5 
    -3 
     2 
     1 
     2 
     5 
    -4 
    -9 
    -1 
    -1 
     4 
     6 
    -4 
    -7 
    -1 
     0 
     1 
     0 
     0 
     0 
    -2 
     0 
     1 
     0 
     3 
    -7 
    -5 
     6 
     0 
    -1 
     4 
    -9 
    -2 
     5 
    -2 
     1 
     4 
    -3 
     2 
    -2 
     6 
     0 
     2 
     1 
     5 
   -23 
    26 
   -16 
   -68 
   -21 
     5 
    10 
   -10 
    13 
    -8 
     4 
    -1 
     1 
    -1 
     2 
    -3 
     6 
    -5 
     2 
     0 
     1 
     1 
     4 
     0 
     1 
    -7 
     2 
     2 
    -2 
    -2 
     6 
    -5 
     5 
     4 
     2 
     1 
    -2 
     0 
   254 
   -10 
    -2 
     3 
     1 
     0 
    -1 
    -2 
     2 
    -4 
     3 
     3 
    -2 
     6 
     1 
    -1 
    -1 
    -4 
    -4 
     0 
    -1 
     3 
     3 
    -4 
     4 
     0 
     0 
     9 
    -3 
    11 
     5 
     5 
     8 
    19 
   -65 
   -32 
    17 
   -16 
    -2 
    -3 
    -2 
     0 
     7 
   -10 
     7 
     0 
     2 
     5 
     0 
    -1 
     6 
     0 
    -6 
    -5 
     4 
     1 
    -1 
     3 
     8 
    -4 
    -8 
     3 
     6 
     0 
    -4 
    -3 
     6 
     3 
    -8 
    -4 
     8 
    -1 
    -1 
     4 
     4 
     0 
    -6 
     1 
     6 
    -5 
     0 
     0 
     2 
     9 
     7 
    -1 
     7 
     3 
    -2 
    16 
    -2 
    32 
    17 
   -20 
   -65 
    -5 
     8 
   -12 
     6 
   -10 
    -2 
    -1 
     1 
     3 
     4 
    -4 
     3 
    -1 
    -1 
     3 
    -4 
     0 
    -1 
    -7 
     2 
    -4 
    -1 
     3 
     3 
     1 
     2 
    -2 
     0 
    -4 
     1 
     9 
    -1 
