   254 
    -2 
     1 
    -1 
     2 
     3 
    -2 
     1 
    -1 
    -4 
    -1 
     3 
     4 
     0 
    -3 
     5 
     8 
   -65 
    17 
    -2 
    -2 
     7 
     7 
     2 
     0 
     6 
    -6 
     4 
    -1 
     8 
    -8 
     6 
    -4 
     6 
    -8 
     8 
    -1 
     4 
    -6 
     6 
     0 
     2 
     7 
     7 
    -2 
    -2 
    17 
   -65 
     8 
     6 
    -2 
     1 
     4 
     3 
    -1 
    -4 
    -1 
     2 
    -1 
     3 
     2 
     0 
     1 
    -1 
