        509 
         -2 
        507 
         -2 
        507 
         -1 
        507 
         -1 
        507 
         -1 
        507 
          0 
        508 
         -1 
        508 
         -1 
        508 
         -1 
        509 
         -1 
        508 
          0 
        508 
         -1 
        508 
         -1 
        509 
          0 
        508 
          0 
        508 
          0 
        508 
          0 
        508 
          0 
        508 
          0 
        508 
         -1 
        509 
          0 
        509 
         -1 
        509 
         -1 
        509 
         -1 
        509 
         -1 
        509 
          0 
        509 
          0 
        509 
          0 
        509 
          0 
        508 
          0 
        508 
          0 
        509 
          0 
        509 
          0 
        508 
          0 
        508 
          0 
        509 
         -1 
        508 
         -1 
        508 
          0 
        509 
         -1 
        509 
         -1 
        509 
          0 
        509 
         -1 
        509 
         -1 
        508 
          0 
        508 
          0 
        509 
          0 
        508 
          0 
        508 
          0 
        509 
          0 
        509 
          0 
        508 
         -1 
        509 
          0 
        510 
          0 
        509 
          0 
        509 
         -1 
        509 
          0 
        509 
         -1 
        509 
          0 
        508 
         -1 
        509 
          0 
        508 
         -1 
        508 
          0 
        509 
          0 
        509 
          0 
        509 
          0 
        509 
          0 
        509 
         -1 
        509 
         -1 
        510 
         -1 
        509 
         -1 
        509 
         -1 
        510 
         -1 
        509 
          0 
        509 
          0 
        508 
          0 
        508 
          0 
        509 
          0 
        509 
          0 
        509 
          0 
        509 
         -1 
        510 
         -1 
        509 
         -1 
        509 
         -1 
        510 
         -1 
        510 
         -1 
        510 
         -1 
        510 
         -1 
        509 
          0 
        509 
          0 
        509 
          0 
        509 
          0 
        508 
          0 
        508 
          0 
        509 
         -1 
        509 
          0 
        509 
         -1 
        510 
         -1 
        510 
          0 
        510 
         -1 
        510 
         -1 
        510 
          0 
        510 
          0 
        510 
          0 
        509 
          0 
        508 
          0 
        508 
          0 
        508 
          0 
        508 
          0 
        509 
          0 
        508 
          0 
        509 
          0 
        510 
         -1 
        510 
         -1 
        510 
         -1 
        511 
         -1 
        511 
          0 
        511 
         -1 
        510 
          0 
        509 
          0 
        509 
          0 
        508 
          0 
        508 
          0 
        508 
         -1 
        507 
         -1 
        508 
         -1 
        509 
         -1 
        509 
         -1 
        511 
          0 
        512 
          0 
        513 
         -1 
        512 
         -1 
        511 
         -1 
        511 
         -1 
        509 
         -1 
        508 
         -1 
        508 
         -1 
        508 
          0 
        508 
         -1 
        509 
         -1 
        509 
         -1 
        510 
          0 
        510 
         -1 
        511 
         -1 
        511 
         -1 
        511 
         -1 
        511 
         -1 
        510 
         -1 
        510 
         -1 
        509 
         -1 
        509 
         -1 
        509 
         -1 
        509 
         -1 
        508 
          0 
        509 
          0 
        509 
         -1 
        509 
         -1 
        510 
         -1 
        511 
         -1 
        511 
         -1 
        510 
          0 
        510 
          0 
        511 
         -1 
        510 
         -1 
        509 
         -1 
        509 
         -1 
        509 
         -1 
        509 
         -1 
        508 
         -1 
        509 
          0 
        509 
         -1 
        509 
         -1 
        510 
         -1 
        510 
         -1 
        510 
         -1 
        510 
         -1 
        510 
         -1 
        510 
         -1 
        509 
         -1 
        510 
         -1 
        509 
          0 
        509 
         -1 
        509 
         -1 
        509 
         -1 
        509 
          0 
        509 
         -1 
        509 
          0 
        510 
         -1 
        510 
         -1 
        510 
         -1 
        510 
         -1 
        510 
         -1 
        510 
         -1 
        510 
          0 
        510 
         -1 
        510 
         -1 
        510 
         -1 
        510 
         -1 
        510 
         -1 
        509 
         -1 
        510 
         -1 
        509 
          0 
        510 
         -1 
        510 
         -1 
        510 
         -1 
        509 
         -2 
        510 
         -1 
        510 
         -1 
        509 
         -1 
        510 
         -1 
        509 
         -2 
        510 
         -1 
        510 
         -1 
        510 
         -2 
        510 
         -1 
        509 
         -1 
        509 
         -2 
        510 
         -2 
        510 
         -2 
        509 
         -1 
        509 
         -2 
        510 
         -2 
        509 
         -1 
        509 
         -2 
        509 
         -1 
        510 
         -1 
        510 
         -1 
        510 
         -2 
        510 
         -1 
        510 
         -2 
        510 
         -2 
        509 
         -2 
        510 
         -2 
        510 
         -2 
        510 
         -2 
        509 
         -2 
        509 
         -2 
        510 
         -2 
        510 
         -2 
        510 
         -2 
        509 
         -2 
        509 
         -2 
        510 
         -2 
        509 
         -2 
        509 
         -2 
        509 
         -2 
        509 
         -3 
        509 
         -2 
        509 
         -2 
        509 
         -2 
        509 
         -3 
        509 
         -2 
        509 
         -3 
        509 
         -2 
        509 
         -3 
        509 
         -3 
        508 
         -4 
