         -2 
         62 
         -3 
         62 
         -3 
         63 
         -3 
         63 
         -3 
         62 
         -3 
         63 
         -2 
         63 
         -2 
         63 
         -2 
         63 
         -3 
         63 
         -2 
         63 
         -3 
         63 
         -2 
         63 
         -2 
         63 
         -2 
         63 
         -3 
         63 
         -2 
         63 
         -2 
         63 
         -2 
         63 
         -2 
         63 
         -2 
         63 
         -2 
         64 
         -2 
         63 
         -1 
         64 
         -2 
         63 
         -1 
         63 
         -1 
         63 
         -2 
         63 
         -1 
         63 
         -1 
         64 
         -2 
         63 
         -2 
         63 
         -1 
         64 
         -1 
         63 
         -1 
         63 
         -1 
         63 
         -1 
         63 
         -1 
         64 
         -2 
         64 
         -2 
         63 
         -1 
         63 
         -2 
         64 
         -2 
         64 
         -1 
         63 
         -2 
         64 
         -1 
         63 
         -2 
         63 
         -2 
         64 
         -1 
         63 
         -2 
         63 
         -1 
         64 
         -2 
         64 
         -1 
         64 
         -1 
         64 
         -1 
         64 
         -1 
         64 
         -1 
         64 
         -1 
         63 
         -1 
         63 
         -1 
         64 
         -2 
         63 
         -2 
         63 
          0 
         63 
         -1 
         64 
          0 
         63 
         -1 
         63 
          0 
         63 
         -1 
         63 
         -1 
         63 
         -1 
         63 
         -1 
         63 
         -1 
         64 
          0 
         64 
         -1 
         64 
         -1 
         64 
         -1 
         64 
         -1 
         64 
         -1 
         64 
         -1 
         64 
          0 
         62 
         -1 
         62 
         -1 
         62 
         -1 
         61 
         -1 
         61 
         -1 
         62 
         -1 
         62 
         -1 
         64 
         -1 
         65 
         -1 
         65 
         -1 
         66 
         -1 
         66 
         -1 
         65 
          0 
         65 
         -1 
         63 
         -1 
         62 
         -1 
         60 
         -1 
         60 
         -1 
         60 
         -1 
         60 
         -1 
         60 
         -1 
         63 
         -1 
         64 
         -1 
         66 
          0 
         67 
         -1 
         68 
         -1 
         68 
         -1 
         67 
          0 
         65 
         -1 
         63 
         -1 
         61 
          0 
         59 
         -1 
         58 
         -1 
         57 
         -1 
         59 
         -1 
         60 
         -1 
         63 
         -1 
         65 
         -1 
         67 
          0 
         69 
         -1 
         70 
         -1 
         69 
          0 
         68 
         -1 
         65 
          0 
         62 
         -1 
         60 
          0 
         58 
         -1 
         57 
          0 
         57 
          0 
         58 
          0 
         60 
          0 
         63 
         -1 
         65 
          0 
         68 
          0 
         68 
         -1 
         68 
         -1 
         67 
         -1 
         66 
          0 
         64 
         -1 
         62 
          0 
         60 
         -1 
         58 
          0 
         58 
          0 
         58 
          0 
         60 
          0 
         61 
          0 
         63 
          0 
         65 
         -1 
         66 
         -1 
         67 
         -1 
         67 
         -1 
         66 
         -1 
         64 
          0 
         64 
         -1 
         62 
         -1 
         60 
          0 
         60 
          0 
         60 
          0 
         60 
          1 
         61 
          0 
         63 
          0 
         64 
          0 
         65 
         -1 
         65 
         -1 
         66 
         -1 
         65 
         -1 
         64 
          0 
         63 
         -1 
         63 
         -1 
         62 
          0 
         61 
          0 
         61 
          0 
         62 
          0 
         61 
         -1 
         62 
          0 
         63 
          0 
         63 
          0 
         64 
         -1 
         64 
         -1 
         63 
          0 
         63 
         -1 
         63 
         -1 
         63 
         -1 
         63 
         -1 
         63 
         -1 
         63 
          0 
         62 
          0 
         63 
         -1 
         63 
          0 
         63 
          0 
         63 
          0 
         63 
          0 
         63 
          0 
         63 
          0 
         62 
          1 
         62 
          0 
         62 
          0 
         62 
          0 
         62 
         -1 
         63 
         -1 
         63 
         -1 
         63 
          0 
         63 
         -1 
         63 
         -1 
         63 
          0 
         63 
         -1 
         62 
          0 
         62 
          0 
         62 
          0 
         62 
          0 
         62 
          0 
         62 
          0 
         62 
          0 
         62 
          0 
         62 
         -1 
         62 
         -1 
         63 
         -1 
         63 
         -1 
         63 
         -1 
         63 
         -1 
         63 
         -1 
         62 
         -1 
         63 
          0 
         62 
          0 
         63 
          0 
         62 
         -1 
         62 
          0 
         62 
          0 
         62 
         -1 
         63 
         -1 
         62 
          0 
         62 
         -1 
         62 
         -1 
         63 
         -1 
         63 
          0 
         62 
         -1 
         62 
          0 
         62 
          0 
         62 
          0 
         62 
          0 
         61 
          0 
         62 
          0 
         61 
          0 
         62 
         -1 
         62 
         -1 
         62 
         -1 
         62 
         -1 
         62 
         -1 
         62 
         -1 
         62 
         -1 
         61 
         -1 
         61 
         -1 
         61 
         -1 
         61 
         -2 
         60 
         -2 
         61 
         -2 
         60 
