     0 
   256 
    -3 
    -5 
    -1 
    -4 
     1 
    -2 
    -3 
     0 
    -2 
    -7 
     2 
    -2 
    -1 
    -1 
    -4 
    -1 
    -1 
    -8 
     4 
     2 
    -6 
    -2 
     1 
    -4 
     0 
    -5 
     5 
     7 
   -18 
    -7 
    21 
   -11 
   -12 
    22 
    -7 
   -27 
    17 
    10 
   -15 
    -1 
     4 
    -6 
     0 
    -2 
     2 
     1 
    -6 
    -4 
     4 
    -2 
    -2 
    -1 
     1 
    -1 
    -3 
    -2 
     3 
    -2 
    -3 
     1 
     0 
    -2 
    -1 
    -2 
     2 
     0 
    -3 
    -1 
     1 
    -4 
    -1 
     0 
    -1 
    -1 
    -2 
    -2 
     1 
    -1 
    -1 
    -1 
     1 
    -1 
    -1 
    -1 
     1 
    -2 
    -1 
     0 
     0 
    -2 
    -1 
    -1 
     0 
    -1 
    -1 
    -1 
     0 
    -2 
    -1 
    -2 
     1 
    -1 
    -3 
    -1 
     1 
    -3 
     0 
     1 
    -1 
    -3 
     0 
     0 
     0 
    -2 
     0 
     0 
    -1 
    -2 
     0 
    -1 
     0 
    -1 
    -1 
    -1 
     0 
     0 
     0 
     0 
     0 
     0 
    -1 
    -1 
     0 
    -1 
    -1 
     0 
     0 
    -1 
    -1 
    -1 
     1 
    -1 
    -1 
     0 
     0 
    -1 
    -1 
    -1 
     0 
    -1 
    -1 
    -1 
     0 
    -1 
    -1 
     0 
    -1 
    -2 
     0 
     0 
     0 
    -2 
    -1 
     0 
    -1 
    -1 
    -1 
    -1 
     0 
    -1 
    -1 
    -1 
    -1 
    -2 
     0 
     0 
     0 
    -1 
    -1 
     0 
     0 
    -2 
     0 
     0 
    -1 
    -1 
    -1 
    -1 
     1 
    -2 
    -1 
     1 
     0 
    -3 
     0 
     0 
    -1 
     0 
    -1 
    -1 
     0 
    -2 
     0 
     0 
    -1 
    -1 
     0 
    -1 
     0 
    -1 
    -1 
     0 
     0 
    -2 
     1 
     0 
    -1 
    -1 
    -1 
    -1 
     0 
    -1 
     0 
     0 
    -1 
    -1 
     0 
    -1 
     0 
    -1 
     0 
     0 
     0 
    -1 
     0 
     0 
    -1 
     0 
     0 
    -1 
     0 
    -1 
    -1 
    -1 
     0 
    -1 
    -1 
     0 
     0 
    -1 
    -1 
     0 
     0 
    -1 
     0 
     1 
    -1 
    -1 
     0 
     0 
    -1 
    -1 
     0 
     0 
    -1 
    -1 
     0 
     0 
    -1 
    -1 
     0 
    -1 
     0 
     0 
    -1 
     0 
    -1 
    -1 
    -1 
     0 
     0 
     0 
    -1 
     0 
    -1 
     0 
    -1 
     0 
    -1 
    -1 
    -1 
     0 
     0 
    -1 
    -1 
     0 
    -1 
    -2 
    -1 
     0 
    -1 
    -1 
    -1 
     0 
    -1 
    -2 
    -1 
     1 
    -1 
    -1 
     0 
     0 
    -1 
    -1 
    -1 
     0 
    -2 
    -2 
     0 
     1 
    -2 
    -1 
    -1 
     0 
     0 
    -1 
    -1 
     0 
    -1 
    -1 
     0 
     0 
    -2 
    -1 
    -1 
     0 
    -2 
    -1 
    -1 
     0 
    -2 
    -1 
    -1 
    -1 
    -1 
    -1 
    -1 
     0 
     0 
    -1 
    -1 
     0 
    -1 
    -1 
     0 
     1 
    -2 
    -1 
     0 
     0 
    -2 
    -1 
    -1 
     0 
    -1 
    -1 
     0 
     0 
    -2 
    -1 
     0 
     0 
    -2 
    -1 
     0 
     0 
    -2 
     0 
     0 
    -1 
    -1 
     0 
     0 
     0 
    -1 
     0 
     0 
     0 
    -1 
     0 
    -1 
     0 
    -1 
    -2 
    -1 
     1 
    -2 
    -1 
    -1 
     1 
    -1 
    -2 
    -1 
     1 
    -3 
    -2 
     1 
     0 
    -3 
     0 
     0 
    -1 
    -2 
    -1 
     0 
     0 
    -2 
     0 
    -1 
     0 
    -2 
    -1 
     0 
     0 
    -3 
    -1 
    -1 
     0 
    -2 
     0 
     0 
     0 
    -2 
     0 
    -1 
    -1 
    -1 
     0 
    -2 
     0 
    -3 
    -2 
     1 
     0 
    -4 
     1 
     0 
    -2 
    -2 
    -1 
     0 
     1 
    -5 
    -2 
     1 
    -1 
    -3 
     0 
     0 
     1 
    -6 
    -2 
     3 
    -3 
    -4 
     4 
    -2 
    -1 
    -6 
    -5 
    11 
     1 
   -19 
    11 
     5 
   -25 
     9 
    23 
   -23 
   -11 
    15 
    -6 
    -8 
     8 
    -3 
    -3 
    -4 
    -3 
     3 
     0 
    -8 
     3 
    -3 
    -6 
     0 
     0 
    -2 
     1 
    -6 
     0 
    -1 
    -5 
    -1 
     1 
    -5 
    -1 
    -4 
    -3 
    -1 
    -3 
