     0 
   255 
    -1 
    -3 
    -3 
    -5 
    -4 
    -3 
    -3 
     1 
     1 
    -2 
    -2 
    -5 
    -5 
    -2 
    -2 
     2 
     2 
    -1 
    -2 
    -6 
    -6 
    -2 
    -4 
     3 
     0 
     0 
    -6 
    -6 
   -18 
     1 
   -15 
    21 
     7 
    28 
    25 
    14 
    21 
    -7 
     6 
   -11 
     0 
    -4 
     4 
     1 
     7 
    -3 
     3 
    -6 
     0 
    -4 
     2 
    -1 
     3 
    -3 
     1 
    -4 
     1 
    -2 
     2 
     0 
     3 
    -3 
     1 
    -4 
    -1 
    -2 
     1 
     0 
     2 
    -2 
     2 
    -4 
     0 
    -3 
     0 
    -2 
     1 
    -2 
     0 
    -2 
     1 
    -2 
     1 
    -1 
     0 
    -2 
     0 
    -2 
     0 
    -1 
     0 
    -1 
     1 
    -1 
     1 
    -1 
     1 
    -1 
     1 
    -2 
     0 
    -3 
    -1 
    -3 
    -1 
    -2 
     0 
    -1 
     1 
    -1 
     2 
    -1 
     1 
    -2 
     1 
    -2 
     1 
    -2 
     1 
    -2 
     0 
    -3 
     1 
    -2 
     1 
    -1 
     0 
    -1 
     0 
    -1 
     0 
    -1 
     0 
    -1 
     1 
    -1 
     0 
    -2 
     0 
    -1 
     0 
    -2 
     1 
    -2 
     0 
    -2 
     0 
    -2 
     0 
    -2 
     0 
    -2 
     0 
    -2 
    -1 
    -2 
    -1 
    -2 
     0 
    -1 
     0 
    -2 
     0 
    -2 
     0 
    -2 
    -1 
    -3 
    -1 
    -2 
    -1 
    -2 
    -1 
    -1 
     0 
    -2 
     0 
    -1 
     0 
    -1 
     0 
    -1 
     0 
    -2 
    -1 
    -2 
    -1 
    -1 
     0 
    -1 
     0 
    -2 
     0 
    -3 
    -1 
    -2 
    -1 
    -1 
     0 
    -1 
     0 
    -2 
    -1 
    -2 
    -1 
    -1 
     0 
    -1 
     0 
    -1 
    -1 
    -2 
    -1 
    -1 
    -1 
     0 
     1 
    -1 
     0 
    -2 
     0 
    -2 
    -1 
    -1 
     0 
    -1 
     0 
    -2 
     0 
    -2 
    -1 
    -1 
    -1 
    -1 
     0 
    -1 
    -1 
    -1 
    -1 
    -1 
    -1 
     0 
     0 
     0 
     0 
    -1 
    -1 
    -1 
     0 
    -1 
     0 
    -1 
     0 
    -2 
     0 
    -1 
    -1 
    -1 
    -1 
    -1 
    -1 
     0 
     0 
    -1 
    -1 
    -1 
    -1 
     0 
    -1 
     0 
     0 
    -1 
     0 
    -2 
    -1 
    -1 
    -1 
    -1 
     0 
    -1 
     0 
    -2 
     0 
    -1 
    -1 
    -1 
    -1 
    -1 
    -1 
    -1 
    -2 
    -1 
    -2 
    -1 
    -1 
     0 
     0 
     0 
    -1 
    -1 
    -1 
    -1 
    -1 
     0 
     0 
    -1 
    -1 
    -2 
    -1 
    -1 
    -1 
    -1 
    -1 
     0 
     0 
    -2 
    -2 
    -2 
    -2 
    -1 
    -2 
     0 
     0 
    -1 
     0 
    -1 
    -2 
    -1 
    -1 
    -1 
    -1 
    -1 
    -1 
    -1 
    -1 
    -1 
    -1 
    -1 
    -1 
    -2 
     0 
    -2 
    -1 
    -2 
    -2 
    -1 
    -2 
    -1 
    -2 
    -1 
    -1 
    -1 
    -1 
    -1 
    -1 
    -1 
    -1 
    -2 
    -1 
    -2 
    -2 
    -1 
    -2 
    -1 
    -1 
    -1 
    -2 
    -2 
    -2 
    -1 
    -2 
    -1 
    -2 
    -1 
    -2 
    -1 
    -1 
     0 
    -1 
    -1 
    -1 
    -1 
    -1 
    -1 
    -1 
    -1 
    -1 
    -1 
    -1 
    -2 
    -2 
    -2 
    -3 
    -1 
    -2 
    -1 
    -2 
    -1 
    -3 
     0 
    -2 
     1 
    -1 
     1 
    -1 
    -1 
    -1 
    -2 
    -3 
    -2 
    -3 
    -1 
    -2 
     0 
    -3 
    -1 
    -3 
     0 
    -1 
     0 
    -1 
     0 
    -2 
    -1 
    -3 
    -1 
    -2 
     0 
    -2 
    -1 
    -2 
    -1 
    -2 
     0 
    -1 
    -1 
    -2 
    -2 
    -3 
    -3 
    -5 
    -1 
    -2 
     0 
    -1 
    -1 
    -2 
    -3 
    -5 
    -2 
    -4 
     0 
    -2 
    -1 
    -3 
    -3 
    -5 
    -1 
    -5 
     0 
    -3 
    -2 
    -5 
    -5 
    -9 
    -2 
    -7 
     2 
    -2 
    -2 
    -8 
   -11 
   -24 
    -5 
   -27 
    15 
   -10 
    30 
    13 
    21 
    15 
     2 
     3 
    -5 
    -4 
     1 
     2 
     4 
     4 
    -1 
    -1 
    -3 
    -4 
     0 
    -2 
     3 
     2 
     0 
    -2 
    -3 
    -4 
     0 
    -1 
     2 
     1 
    -1 
    -3 
    -4 
    -5 
    -2 
