     0 
   511 
     0 
   511 
     0 
   511 
     0 
   511 
     0 
   511 
     0 
   511 
     0 
   511 
     0 
   511 
     0 
   511 
     0 
   511 
     0 
   511 
     0 
   511 
     0 
   511 
     0 
   511 
     0 
   511 
     0 
   511 
     0 
   511 
     0 
   511 
     0 
   511 
     0 
   511 
     0 
   511 
     0 
   511 
     0 
   511 
     0 
   511 
     0 
   511 
     0 
   511 
     0 
   511 
     0 
   511 
     0 
   511 
     0 
   511 
     0 
   511 
     0 
   511 
     0 
   511 
     0 
   511 
     0 
   511 
     0 
   511 
     0 
   511 
     0 
   511 
     0 
   511 
     0 
   511 
     0 
   511 
     0 
   511 
     0 
   511 
     0 
   511 
     0 
   511 
     0 
   511 
     0 
   511 
     0 
   511 
     0 
   511 
     0 
   511 
     0 
   511 
     0 
   511 
     0 
   511 
     0 
   511 
     0 
   511 
     0 
   511 
     0 
   511 
     0 
   511 
     0 
   511 
     0 
   511 
     0 
   511 
     0 
   511 
     0 
   511 
     0 
   511 
     0 
   511 
     0 
   511 
     0 
   511 
     0 
   511 
     0 
   511 
     0 
   511 
     0 
   511 
     0 
   511 
     0 
   511 
     0 
   541 
     0 
   654 
     0 
   934 
     0 
  1023 
     0 
  1023 
     0 
  1023 
     0 
   752 
     0 
   665 
     0 
   335 
     0 
   167 
     0 
    82 
     0 
    31 
     0 
    87 
     0 
   152 
     0 
   256 
     0 
   502 
     0 
   708 
     0 
   894 
     0 
  1023 
     0 
  1023 
     0 
   929 
     0 
   766 
     0 
   525 
     0 
   305 
     0 
   104 
     0 
    24 
     0 
   112 
     0 
   102 
     0 
   198 
     0 
   380 
     0 
   561 
     0 
   811 
     0 
   970 
     0 
  1007 
     0 
   905 
     0 
   874 
     0 
   717 
     0 
   553 
     0 
   314 
     0 
   115 
     0 
     0 
     0 
    57 
     0 
    64 
     0 
   123 
     0 
   306 
     0 
   661 
     0 
   769 
     0 
   930 
     0 
   958 
     0 
   991 
     0 
   892 
     0 
   665 
     0 
   527 
     0 
   293 
     0 
   158 
     0 
   512 
     0 
   512 
     0 
   512 
     0 
   512 
     0 
   512 
     0 
   512 
     0 
   512 
     0 
   512 
     0 
   512 
     0 
   512 
     0 
   512 
     0 
   512 
     0 
   512 
     0 
   512 
     0 
   512 
     0 
   512 
     0 
   512 
     0 
   512 
     0 
   512 
     0 
   512 
     0 
   512 
     0 
   512 
     0 
   512 
     0 
   512 
     0 
   512 
     0 
   512 
     0 
   512 
     0 
   512 
     0 
   512 
     0 
   512 
     0 
   512 
     0 
   512 
     0 
   512 
     0 
   512 
     0 
   512 
     0 
   512 
     0 
   512 
     0 
   512 
     0 
   512 
     0 
   512 
     0 
   512 
     0 
   512 
     0 
   512 
     0 
   512 
     0 
   512 
     0 
   512 
     0 
   512 
     0 
   512 
     0 
   512 
     0 
   512 
     0 
   512 
     0 
   512 
     0 
   512 
     0 
   512 
     0 
   512 
     0 
   512 
     0 
   512 
     0 
   512 
     0 
   512 
     0 
   512 
     0 
   512 
     0 
   512 
     0 
   512 
     0 
   512 
     0 
   512 
     0 
   512 
     0 
   512 
     0 
   512 
     0 
   512 
     0 
   512 
     0 
   512 
     0 
   512 
     0 
   512 
     0 
   512 
     0 
   512 
     0 
   512 
     0 
   512 
     0 
   512 
     0 
   512 
     0 
   512 
     0 
   512 
     0 
   512 
     0 
   512 
     0 
   512 
     0 
   512 
     0 
   512 
     0 
   512 
     0 
   512 
     0 
   512 
     0 
   512 
     0 
   512 
     0 
   512 
     0 
   512 
     0 
   512 
     0 
   512 
     0 
   512 
     0 
   512 
     0 
   512 
     0 
   512 
     0 
   512 
     0 
   512 
     0 
   512 
     0 
   512 
     0 
   512 
     0 
   512 
     0 
   512 
     0 
   512 
     0 
   512 
     0 
   512 
     0 
   512 
     0 
   512 
     0 
   512 
     0 
   512 
     0 
   512 
     0 
   512 
     0 
   512 
     0 
   512 
     0 
   512 
     0 
   512 
     0 
   512 
     0 
   512 
     0 
   512 
     0 
   512 
     0 
   512 
     0 
   512 
     0 
   512 
     0 
   512 
     0 
   512 
