   259 
     0 
     1 
     0 
     1 
    -1 
     1 
     1 
    -2 
    -5 
     1 
     0 
     0 
    -1 
    -1 
     4 
    32 
    43 
     1 
    -1 
     0 
    -1 
     0 
     1 
    -1 
    -3 
     1 
     0 
     1 
     0 
    33 
   -44 
     5 
     2 
     1 
     0 
     0 
    -2 
     0 
     1 
    -1 
    -4 
     1 
     0 
     1 
    -1 
    -4 
     8 
    -6 
   -10 
     1 
     0 
     0 
    -1 
     0 
     2 
     0 
    -2 
     1 
     0 
     1 
     0 
     6 
    -6 
     4 
     0 
     0 
    -1 
     1 
    -2 
     0 
     1 
    -2 
    -5 
     1 
     0 
     0 
    -1 
    -2 
     5 
   -13 
   -21 
     1 
    -1 
     0 
    -2 
     1 
     2 
    -1 
    -2 
     1 
     0 
     0 
    -1 
     9 
   -11 
     7 
     8 
     1 
     0 
     0 
    -1 
     0 
     1 
    -1 
    -4 
     1 
     0 
     0 
    -1 
   -12 
    20 
    -4 
    -7 
     1 
     0 
     1 
    -1 
     0 
     2 
     0 
    -2 
     1 
     1 
     0 
    -1 
     4 
    -4 
     1 
    -2 
    -2 
    -1 
    -2 
     0 
    -1 
    -2 
    -3 
     2 
    -1 
    -1 
    -2 
     0 
    -3 
    -4 
   -51 
    35 
    -1 
    -1 
    -2 
     0 
    -1 
    -2 
    -3 
     1 
    -1 
    -2 
    -2 
     0 
    12 
     6 
     4 
    -3 
    -2 
    -1 
    -2 
     0 
    -1 
    -2 
    -3 
     1 
    -2 
    -2 
    -2 
     0 
    -8 
    -8 
    -6 
     3 
    -1 
    -1 
    -2 
     0 
    -2 
    -3 
    -2 
     1 
    -2 
    -1 
    -2 
     0 
     3 
    -2 
     1 
    -2 
    -1 
    -1 
    -2 
     0 
    -1 
    -2 
    -3 
     1 
    -2 
    -1 
    -2 
     0 
    -4 
    -6 
   -10 
     6 
    -1 
    -2 
    -2 
     0 
    -2 
    -3 
    -2 
     1 
    -2 
    -1 
    -2 
     0 
     5 
     0 
    10 
    -9 
    -1 
    -1 
    -2 
     0 
    -1 
    -2 
    -2 
     0 
    -2 
    -1 
    -2 
     0 
   -49 
   -37 
    -5 
     2 
    -1 
    -1 
    -2 
     0 
    -2 
    -4 
    -3 
     1 
    -1 
    -1 
    -2 
    -1 
     2 
    -2 
     0 
   162 
    -2 
     1 
    -2 
     2 
    -4 
    -2 
    -2 
     4 
    -3 
    -1 
    -2 
     1 
    -8 
    -4 
   -12 
    72 
    -3 
     0 
    -2 
     2 
    -5 
    -3 
    -2 
     3 
    -3 
    -1 
    -2 
     1 
    33 
   -18 
    -2 
    20 
    -3 
     0 
    -2 
     1 
    -4 
    -2 
    -2 
     3 
    -3 
    -1 
    -3 
     1 
   -15 
    -5 
    -1 
     5 
    -3 
    -1 
    -2 
     1 
    -6 
    -3 
    -2 
     3 
    -4 
    -2 
    -2 
     1 
     5 
   -26 
    -1 
    33 
    -2 
     0 
    -2 
     2 
    -4 
    -2 
    -2 
     4 
    -3 
    -1 
    -2 
     1 
   -10 
    -5 
    -1 
     4 
    -3 
     0 
    -2 
     1 
    -5 
    -3 
    -2 
     2 
    -4 
    -1 
    -2 
     1 
    10 
   -18 
    -2 
    15 
    -2 
     0 
    -2 
     1 
    -4 
    -2 
    -2 
     3 
    -3 
    -1 
    -2 
     1 
   -47 
    -1 
    -1 
     5 
    -2 
    -1 
    -3 
     1 
    -6 
    -4 
    -2 
     3 
    -4 
    -2 
    -3 
     0 
     2 
   -56 
     1 
    52 
    -2 
    -1 
    -4 
     0 
    -1 
    -4 
    -8 
     2 
    -2 
    -2 
    -3 
    -1 
     0 
    -6 
   -48 
    -1 
    -2 
    -2 
    -4 
    -1 
    -1 
    -5 
    -6 
     0 
    -1 
    -3 
    -3 
    -1 
    -1 
   -19 
     8 
    15 
    -1 
    -2 
    -4 
     0 
    -1 
    -4 
    -5 
     1 
    -2 
    -3 
    -3 
    -1 
     1 
    -6 
   -12 
     3 
    -2 
    -3 
    -4 
     0 
     0 
    -6 
    -4 
     1 
    -2 
    -4 
    -3 
    -1 
     0 
   -37 
     3 
    22 
    -2 
    -2 
    -4 
     0 
    -1 
    -4 
    -7 
     2 
    -2 
    -3 
    -3 
    -1 
     0 
    -7 
   -17 
     3 
    -2 
    -2 
    -4 
     0 
    -1 
    -6 
    -4 
     1 
    -1 
    -4 
    -3 
    -2 
     0 
   -22 
    32 
    15 
    -3 
    -2 
    -4 
     0 
    -1 
    -5 
    -5 
     1 
    -2 
    -3 
    -3 
    -1 
   -11 
   -75 
    -9 
     2 
    -2 
    -2 
    -3 
    -1 
    -1 
    -6 
    -5 
     0 
    -1 
    -4 
    -2 
    -1 
     0 
  -167 
