   511 
   511 
   511 
   511 
   511 
   511 
   511 
   511 
   511 
   511 
   511 
   511 
   511 
   511 
   511 
   511 
   511 
   511 
   511 
   511 
   511 
   511 
   511 
   511 
   511 
   511 
   511 
   511 
   511 
   511 
   511 
   511 
   511 
   511 
   511 
   511 
   511 
   511 
   511 
   511 
   511 
   511 
   511 
   511 
   511 
   511 
   511 
   511 
   511 
   511 
   511 
   511 
   511 
   511 
   511 
   511 
   511 
   511 
   511 
   511 
   511 
   511 
   511 
   511 
   511 
   511 
   511 
   511 
   511 
   511 
   511 
   511 
   511 
   511 
   511 
   511 
   511 
   511 
   511 
   511 
  1023 
   978 
   851 
   664 
   450 
   247 
    91 
     9 
    15 
   108 
   273 
   479 
   691 
   872 
   989 
  1022 
   965 
   829 
   636 
   422 
   223 
    75 
     4 
    22 
   126 
   298 
   508 
   718 
   892 
   999 
  1020 
   951 
   806 
   608 
   394 
   200 
    61 
     1 
    31 
   146 
   325 
   537 
   744 
   910 
  1007 
  1016 
   936 
   782 
     0 
     0 
     0 
     0 
     0 
     0 
     0 
     0 
     0 
     0 
     0 
     0 
     0 
     0 
     0 
     0 
     0 
     0 
     0 
     0 
     0 
     0 
     0 
     0 
     0 
     0 
     0 
     0 
     0 
     0 
     0 
     0 
     0 
     0 
     0 
     0 
     0 
     0 
     0 
     0 
     0 
     0 
     0 
     0 
     0 
     0 
     0 
     0 
     0 
     0 
     0 
     0 
     0 
     0 
     0 
     0 
     0 
     0 
     0 
     0 
     0 
     0 
     0 
     0 
     0 
     0 
     0 
     0 
     0 
     0 
     0 
     0 
     0 
     0 
     0 
     0 
     0 
     0 
     0 
     0 
     0 
     0 
     0 
     0 
     0 
     0 
     0 
     0 
     0 
     0 
     0 
     0 
     0 
     0 
     0 
     0 
     0 
     0 
     0 
     0 
     0 
     0 
     0 
     0 
     0 
     0 
     0 
     0 
     0 
     0 
     0 
     0 
     0 
     0 
     0 
     0 
     0 
     0 
     0 
     0 
     0 
     0 
     0 
     0 
     0 
     0 
     0 
     0 
